目标,中文名,达标水平,预算n,先达标的方法,方法,测试R2,全量R2,候选数,选中字段,初筛
net_actual_interchange_mw,净实际交换功率,95%,8,DGatingDNN,DGatingDNN,0.94012823099542,0.9674418753965092,49,prelim_load_avg_hourly|gen_fuel_gas_mw|total_pjm_rt_load_mwh|gen_fuel_coal_mw|gen_fuel_nuclear_mw|gen_fuel_solar_mw|gen_fuel_hydro_mw|gen_fuel_nuclear_pct,未初筛
net_actual_interchange_mw,净实际交换功率,95%,8,DGatingDNN,STG,0.6403781327538102,0.9674418753965092,49,wind_generation_mw|marginal_loss_price_rt|system_energy_price_da|da_as_as_mw_thirty_minutes_reserve|da_as_as_req_mw_thirty_minutes_reserve|total_pjm_rmpcp_cr|total_pjm_assigned_reg|total_pjm_rt_load_mwh,未初筛
net_actual_interchange_mw,净实际交换功率,95%,8,DGatingDNN,LassoNet,0.7415878672699028,0.9674418753965092,49,gross_sched_interchange_mw|total_pjm_assigned_reg|gen_fuel_gas_mw|total_pjm_rmpcp_cr|system_energy_price_da|gen_fuel_solar_mw|marginal_loss_price_rt|da_as_ss_mw_primary_reserve,未初筛
net_actual_interchange_mw,净实际交换功率,95%,8,DGatingDNN,XGBoost,0.8025937086196213,0.9674418753965092,49,da_as_as_req_mw_thirty_minutes_reserve|gen_fuel_multiple_fuels_pct|da_as_as_req_mw_primary_reserve|gross_sched_interchange_mw|gen_fuel_nuclear_mw|system_energy_price_da|marginal_loss_price_rt|total_pjm_reg_purchases,未初筛
net_actual_interchange_mw,净实际交换功率,95%,8,DGatingDNN,Lasso,0.9359631966908852,0.9674418753965092,49,prelim_load_avg_hourly|gen_fuel_gas_mw|gen_fuel_coal_mw|gen_fuel_solar_mw|gen_fuel_wind_mw|gen_fuel_nuclear_mw|gen_fuel_hydro_mw|gen_fuel_oil_mw,未初筛
net_actual_interchange_mw,净实际交换功率,95%,8,DGatingDNN,Pearson,0.7751729566401546,0.9674418753965092,49,gross_sched_interchange_mw|da_as_as_req_mw_synchronized_reserve|da_as_as_req_mw_primary_reserve|da_as_as_req_mw_thirty_minutes_reserve|gen_fuel_nuclear_mw|da_as_as_mw_thirty_minutes_reserve|da_as_as_mw_primary_reserve|da_as_as_mw_synchronized_reserve,未初筛
net_actual_interchange_mw,净实际交换功率,97%,9,Lasso,DGatingDNN,0.9388939583824908,0.9674418753965092,49,prelim_load_avg_hourly|gen_fuel_gas_mw|total_pjm_rt_load_mwh|gen_fuel_coal_mw|gen_fuel_nuclear_mw|gen_fuel_solar_mw|gen_fuel_hydro_mw|gen_fuel_nuclear_pct|gen_fuel_wind_mw,未初筛
net_actual_interchange_mw,净实际交换功率,97%,9,Lasso,STG,0.797773247524783,0.9674418753965092,49,wind_generation_mw|marginal_loss_price_rt|system_energy_price_da|da_as_as_mw_thirty_minutes_reserve|da_as_as_req_mw_thirty_minutes_reserve|total_pjm_rmpcp_cr|total_pjm_assigned_reg|total_pjm_rt_load_mwh|gross_sched_interchange_mw,未初筛
net_actual_interchange_mw,净实际交换功率,97%,9,Lasso,LassoNet,0.7837018754043232,0.9674418753965092,49,gross_sched_interchange_mw|total_pjm_assigned_reg|gen_fuel_gas_mw|total_pjm_rmpcp_cr|system_energy_price_da|gen_fuel_solar_mw|marginal_loss_price_rt|da_as_ss_mw_primary_reserve|prelim_load_avg_hourly,未初筛
net_actual_interchange_mw,净实际交换功率,97%,9,Lasso,XGBoost,0.8194904031041187,0.9674418753965092,49,da_as_as_req_mw_thirty_minutes_reserve|gen_fuel_multiple_fuels_pct|da_as_as_req_mw_primary_reserve|gross_sched_interchange_mw|gen_fuel_nuclear_mw|system_energy_price_da|marginal_loss_price_rt|total_pjm_reg_purchases|total_pjm_assigned_reg,未初筛
net_actual_interchange_mw,净实际交换功率,97%,9,Lasso,Lasso,0.9433122920425516,0.9674418753965092,49,prelim_load_avg_hourly|gen_fuel_gas_mw|gen_fuel_coal_mw|gen_fuel_solar_mw|gen_fuel_wind_mw|gen_fuel_nuclear_mw|gen_fuel_hydro_mw|gen_fuel_oil_mw|da_as_nsr_mw_primary_reserve,未初筛
net_actual_interchange_mw,净实际交换功率,97%,9,Lasso,Pearson,0.8002142500955473,0.9674418753965092,49,gross_sched_interchange_mw|da_as_as_req_mw_synchronized_reserve|da_as_as_req_mw_primary_reserve|da_as_as_req_mw_thirty_minutes_reserve|gen_fuel_nuclear_mw|da_as_as_mw_thirty_minutes_reserve|da_as_as_mw_primary_reserve|da_as_as_mw_synchronized_reserve|gen_fuel_multiple_fuels_pct,未初筛
gross_actual_interchange_mw,总实际交换功率,95%,7,DGatingDNN,DGatingDNN,0.847003109090518,0.8660128621665223,49,gross_inadv_interchange_mw|gen_fuel_gas_mw|gen_fuel_nuclear_mw|gen_fuel_coal_pct|gross_sched_interchange_mw|gen_fuel_other_renewables_mw|gen_fuel_multiple_fuels_pct,未初筛
gross_actual_interchange_mw,总实际交换功率,95%,7,DGatingDNN,STG,0.7978368913265858,0.8660128621665223,49,gross_inadv_interchange_mw|total_pjm_rt_load_mwh|gross_sched_interchange_mw|total_pjm_rmpcp_cr|gen_fuel_hydro_pct|gen_fuel_nuclear_mw|gen_fuel_gas_pct,未初筛
gross_actual_interchange_mw,总实际交换功率,95%,7,DGatingDNN,LassoNet,0.7907781725287866,0.8660128621665223,49,gross_inadv_interchange_mw|gross_sched_interchange_mw|total_pjm_reg_purchases|gen_fuel_nuclear_mw|gen_fuel_multiple_fuels_pct|gen_fuel_solar_mw|gen_fuel_oil_mw,未初筛
gross_actual_interchange_mw,总实际交换功率,95%,7,DGatingDNN,XGBoost,0.7782769869598273,0.8660128621665223,49,gross_inadv_interchange_mw|da_as_as_req_mw_thirty_minutes_reserve|gen_fuel_hydro_pct|gross_sched_interchange_mw|total_pjm_reg_purchases|da_as_as_req_mw_primary_reserve|gen_fuel_gas_mw,未初筛
gross_actual_interchange_mw,总实际交换功率,95%,7,DGatingDNN,Lasso,0.8166109060972306,0.8660128621665223,49,gross_inadv_interchange_mw|gen_fuel_nuclear_mw|gen_fuel_multiple_fuels_pct|total_pjm_reg_purchases|gen_fuel_oil_mw|gen_fuel_gas_mw|gen_fuel_coal_mw,未初筛
gross_actual_interchange_mw,总实际交换功率,95%,7,DGatingDNN,Pearson,0.8119494969599501,0.8660128621665223,49,gross_inadv_interchange_mw|gross_sched_interchange_mw|gen_fuel_coal_mw|gen_fuel_nuclear_mw|gen_fuel_coal_pct|total_pjm_reg_purchases|prelim_load_avg_hourly,未初筛
gross_actual_interchange_mw,总实际交换功率,97%,8,DGatingDNN,DGatingDNN,0.8644941516625799,0.8660128621665223,49,gross_inadv_interchange_mw|gen_fuel_gas_mw|gen_fuel_nuclear_mw|gen_fuel_coal_pct|gross_sched_interchange_mw|gen_fuel_other_renewables_mw|gen_fuel_multiple_fuels_pct|gen_fuel_wind_mw,未初筛
gross_actual_interchange_mw,总实际交换功率,97%,8,DGatingDNN,STG,0.8024442663149312,0.8660128621665223,49,gross_inadv_interchange_mw|total_pjm_rt_load_mwh|gross_sched_interchange_mw|total_pjm_rmpcp_cr|gen_fuel_hydro_pct|gen_fuel_nuclear_mw|gen_fuel_gas_pct|total_pjm_reg_purchases,未初筛
gross_actual_interchange_mw,总实际交换功率,97%,8,DGatingDNN,LassoNet,0.7789451148575626,0.8660128621665223,49,gross_inadv_interchange_mw|gross_sched_interchange_mw|total_pjm_reg_purchases|gen_fuel_nuclear_mw|gen_fuel_multiple_fuels_pct|gen_fuel_solar_mw|gen_fuel_oil_mw|total_pjm_loc_credit,未初筛
gross_actual_interchange_mw,总实际交换功率,97%,8,DGatingDNN,XGBoost,0.7987432800762193,0.8660128621665223,49,gross_inadv_interchange_mw|da_as_as_req_mw_thirty_minutes_reserve|gen_fuel_hydro_pct|gross_sched_interchange_mw|total_pjm_reg_purchases|da_as_as_req_mw_primary_reserve|gen_fuel_gas_mw|prelim_load_avg_hourly,未初筛
gross_actual_interchange_mw,总实际交换功率,97%,8,DGatingDNN,Lasso,0.8238976768547377,0.8660128621665223,49,gross_inadv_interchange_mw|gen_fuel_nuclear_mw|gen_fuel_multiple_fuels_pct|total_pjm_reg_purchases|gen_fuel_oil_mw|gen_fuel_gas_mw|gen_fuel_coal_mw|gen_fuel_hydro_mw,未初筛
gross_actual_interchange_mw,总实际交换功率,97%,8,DGatingDNN,Pearson,0.8116931744977367,0.8660128621665223,49,gross_inadv_interchange_mw|gross_sched_interchange_mw|gen_fuel_coal_mw|gen_fuel_nuclear_mw|gen_fuel_coal_pct|total_pjm_reg_purchases|prelim_load_avg_hourly|forecast_load_mw_latest_available,未初筛
net_sched_interchange_mw,净计划交换功率,95%,7,DGatingDNN,DGatingDNN,0.9286736580087436,0.967587612135926,49,prelim_load_avg_hourly|gen_fuel_gas_mw|total_pjm_rt_load_mwh|gen_fuel_coal_mw|gen_fuel_nuclear_mw|gen_fuel_solar_mw|gen_fuel_nuclear_pct,未初筛
net_sched_interchange_mw,净计划交换功率,95%,7,DGatingDNN,STG,0.5687739467153852,0.967587612135926,49,wind_generation_mw|marginal_loss_price_rt|system_energy_price_da|da_as_as_mw_thirty_minutes_reserve|da_as_as_req_mw_thirty_minutes_reserve|total_pjm_rmpcp_cr|total_pjm_assigned_reg,未初筛
net_sched_interchange_mw,净计划交换功率,95%,7,DGatingDNN,LassoNet,0.7873846094642767,0.967587612135926,49,gross_sched_interchange_mw|da_as_as_req_mw_thirty_minutes_reserve|total_pjm_assigned_reg|gen_fuel_multiple_fuels_pct|gen_fuel_gas_mw|total_pjm_rmpcp_cr|system_energy_price_da,未初筛
net_sched_interchange_mw,净计划交换功率,95%,7,DGatingDNN,XGBoost,0.8071941250602357,0.967587612135926,49,da_as_as_req_mw_thirty_minutes_reserve|gen_fuel_multiple_fuels_pct|gross_sched_interchange_mw|da_as_as_req_mw_primary_reserve|gen_fuel_nuclear_mw|system_energy_price_da|marginal_loss_price_rt,未初筛
net_sched_interchange_mw,净计划交换功率,95%,7,DGatingDNN,Lasso,0.9247821549339824,0.967587612135926,49,prelim_load_avg_hourly|gen_fuel_gas_mw|gen_fuel_coal_mw|gen_fuel_solar_mw|gen_fuel_wind_mw|gen_fuel_nuclear_mw|gen_fuel_hydro_mw,未初筛
net_sched_interchange_mw,净计划交换功率,95%,7,DGatingDNN,Pearson,0.7594725856937671,0.967587612135926,49,gross_sched_interchange_mw|da_as_as_req_mw_synchronized_reserve|da_as_as_req_mw_primary_reserve|da_as_as_req_mw_thirty_minutes_reserve|gen_fuel_nuclear_mw|da_as_as_mw_thirty_minutes_reserve|da_as_as_mw_primary_reserve,未初筛
net_sched_interchange_mw,净计划交换功率,97%,9,Lasso,DGatingDNN,0.938811694920415,0.967587612135926,49,prelim_load_avg_hourly|gen_fuel_gas_mw|total_pjm_rt_load_mwh|gen_fuel_coal_mw|gen_fuel_nuclear_mw|gen_fuel_solar_mw|gen_fuel_nuclear_pct|gen_fuel_hydro_mw|gen_fuel_wind_mw,未初筛
net_sched_interchange_mw,净计划交换功率,97%,9,Lasso,STG,0.7812336721643883,0.967587612135926,49,wind_generation_mw|marginal_loss_price_rt|system_energy_price_da|da_as_as_mw_thirty_minutes_reserve|da_as_as_req_mw_thirty_minutes_reserve|total_pjm_rmpcp_cr|total_pjm_assigned_reg|total_pjm_rt_load_mwh|gross_sched_interchange_mw,未初筛
net_sched_interchange_mw,净计划交换功率,97%,9,Lasso,LassoNet,0.8051317579478147,0.967587612135926,49,gross_sched_interchange_mw|da_as_as_req_mw_thirty_minutes_reserve|total_pjm_assigned_reg|gen_fuel_multiple_fuels_pct|gen_fuel_gas_mw|total_pjm_rmpcp_cr|system_energy_price_da|gen_fuel_solar_mw|marginal_loss_price_rt,未初筛
net_sched_interchange_mw,净计划交换功率,97%,9,Lasso,XGBoost,0.8233027517868883,0.967587612135926,49,da_as_as_req_mw_thirty_minutes_reserve|gen_fuel_multiple_fuels_pct|gross_sched_interchange_mw|da_as_as_req_mw_primary_reserve|gen_fuel_nuclear_mw|system_energy_price_da|marginal_loss_price_rt|total_pjm_reg_purchases|total_pjm_assigned_reg,未初筛
net_sched_interchange_mw,净计划交换功率,97%,9,Lasso,Lasso,0.9466334821616872,0.967587612135926,49,prelim_load_avg_hourly|gen_fuel_gas_mw|gen_fuel_coal_mw|gen_fuel_solar_mw|gen_fuel_wind_mw|gen_fuel_nuclear_mw|gen_fuel_hydro_mw|gen_fuel_oil_mw|da_as_nsr_mw_primary_reserve,未初筛
net_sched_interchange_mw,净计划交换功率,97%,9,Lasso,Pearson,0.7901595796489076,0.967587612135926,49,gross_sched_interchange_mw|da_as_as_req_mw_synchronized_reserve|da_as_as_req_mw_primary_reserve|da_as_as_req_mw_thirty_minutes_reserve|gen_fuel_nuclear_mw|da_as_as_mw_thirty_minutes_reserve|da_as_as_mw_primary_reserve|da_as_as_mw_synchronized_reserve|gen_fuel_multiple_fuels_pct,未初筛
total_gen,总发电量,95%,2,DGatingDNN,DGatingDNN,0.9473548785872128,0.9952709713514852,39,gen_fuel_hydro_mw|gen_fuel_hydro_pct,未初筛
total_gen,总发电量,95%,2,DGatingDNN,STG,0.3620269529277318,0.9952709713514852,39,solar_generation_mw|gen_fuel_hydro_mw,未初筛
total_gen,总发电量,95%,2,DGatingDNN,LassoNet,0.6928227458747434,0.9952709713514852,39,gen_fuel_other_renewables_pct|gen_fuel_oil_mw,未初筛
total_gen,总发电量,95%,2,DGatingDNN,XGBoost,0.6960196387334224,0.9952709713514852,39,gen_fuel_oil_mw|gen_fuel_other_renewables_pct,未初筛
total_gen,总发电量,95%,2,DGatingDNN,Lasso,0.4290061312286759,0.9952709713514852,39,gen_fuel_hydro_mw|gen_fuel_multiple_fuels_mw,未初筛
total_gen,总发电量,95%,2,DGatingDNN,Pearson,0.6928227458747434,0.9952709713514852,39,gen_fuel_other_renewables_pct|gen_fuel_oil_mw,未初筛
total_gen,总发电量,97%,4,DGatingDNN,DGatingDNN,0.9795648211456814,0.9952709713514852,39,gen_fuel_hydro_mw|gen_fuel_hydro_pct|gen_fuel_multiple_fuels_mw|gen_fuel_multiple_fuels_pct,未初筛
total_gen,总发电量,97%,4,DGatingDNN,STG,0.8647423673280574,0.9952709713514852,39,solar_generation_mw|gen_fuel_hydro_mw|gen_fuel_multiple_fuels_mw|gen_fuel_nuclear_mw,未初筛
total_gen,总发电量,97%,4,DGatingDNN,LassoNet,0.9060992987439588,0.9952709713514852,39,gen_fuel_other_renewables_pct|gen_fuel_oil_mw|gen_fuel_nuclear_mw|gen_fuel_coal_pct,未初筛
total_gen,总发电量,97%,4,DGatingDNN,XGBoost,0.9240951247863288,0.9952709713514852,39,gen_fuel_oil_mw|gen_fuel_other_renewables_pct|gen_fuel_nuclear_mw|system_energy_price_da,未初筛
total_gen,总发电量,97%,4,DGatingDNN,Lasso,0.7241541263765421,0.9952709713514852,39,gen_fuel_hydro_mw|gen_fuel_multiple_fuels_mw|gen_fuel_other_renewables_pct|gen_fuel_solar_mw,未初筛
total_gen,总发电量,97%,4,DGatingDNN,Pearson,0.9026918343363756,0.9952709713514852,39,gen_fuel_other_renewables_pct|gen_fuel_oil_mw|gen_fuel_oil_pct|system_energy_price_da,未初筛
metered_load_mw,计量负荷,95%,2,DGatingDNN,DGatingDNN,0.9768414391517228,0.9960679285387208,43,gen_fuel_nuclear_pct|gen_fuel_nuclear_mw,未初筛
metered_load_mw,计量负荷,95%,2,DGatingDNN,STG,0.8992393297400612,0.9960679285387208,43,gen_fuel_coal_mw|gen_fuel_gas_mw,未初筛
metered_load_mw,计量负荷,95%,2,DGatingDNN,LassoNet,0.9243820431470814,0.9960679285387208,43,gen_fuel_nuclear_pct|gen_fuel_gas_mw,未初筛
metered_load_mw,计量负荷,95%,2,DGatingDNN,XGBoost,0.9768414391517228,0.9960679285387208,43,gen_fuel_nuclear_pct|gen_fuel_nuclear_mw,未初筛
metered_load_mw,计量负荷,95%,2,DGatingDNN,Lasso,0.8997272796046204,0.9960679285387208,43,gen_fuel_gas_mw|gen_fuel_coal_mw,未初筛
metered_load_mw,计量负荷,95%,2,DGatingDNN,Pearson,0.9243820431470814,0.9960679285387208,43,gen_fuel_nuclear_pct|gen_fuel_gas_mw,未初筛
metered_load_mw,计量负荷,97%,2,DGatingDNN,DGatingDNN,0.9768414391517228,0.9960679285387208,43,gen_fuel_nuclear_pct|gen_fuel_nuclear_mw,未初筛
metered_load_mw,计量负荷,97%,2,DGatingDNN,STG,0.8992393297400612,0.9960679285387208,43,gen_fuel_coal_mw|gen_fuel_gas_mw,未初筛
metered_load_mw,计量负荷,97%,2,DGatingDNN,LassoNet,0.9243820431470814,0.9960679285387208,43,gen_fuel_nuclear_pct|gen_fuel_gas_mw,未初筛
metered_load_mw,计量负荷,97%,2,DGatingDNN,XGBoost,0.9768414391517228,0.9960679285387208,43,gen_fuel_nuclear_pct|gen_fuel_nuclear_mw,未初筛
metered_load_mw,计量负荷,97%,2,DGatingDNN,Lasso,0.8997272796046204,0.9960679285387208,43,gen_fuel_gas_mw|gen_fuel_coal_mw,未初筛
metered_load_mw,计量负荷,97%,2,DGatingDNN,Pearson,0.9243820431470814,0.9960679285387208,43,gen_fuel_nuclear_pct|gen_fuel_gas_mw,未初筛
total_losses,总网损,95%,5,Pearson,DGatingDNN,0.8455913780159052,0.9263137501861338,49,marginal_loss_price_rt|system_energy_price_rt|total_pjm_rt_load_mwh|gen_fuel_nuclear_mw|gen_fuel_coal_pct,未初筛
total_losses,总网损,95%,5,Pearson,STG,0.7735938224567307,0.9263137501861338,49,wind_generation_mw|marginal_loss_price_rt|system_energy_price_da|da_as_as_mw_thirty_minutes_reserve|da_as_as_req_mw_synchronized_reserve,未初筛
total_losses,总网损,95%,5,Pearson,LassoNet,0.7947589647004634,0.9263137501861338,49,gen_fuel_nuclear_mw|wind_generation_mw|gen_fuel_wind_mw|prelim_load_avg_hourly|gross_inadv_interchange_mw,未初筛
total_losses,总网损,95%,5,Pearson,XGBoost,0.8763289720235425,0.9263137501861338,49,gen_fuel_coal_mw|prelim_load_avg_hourly|da_as_as_req_mw_thirty_minutes_reserve|gen_fuel_nuclear_mw|gen_fuel_wind_mw,未初筛
total_losses,总网损,95%,5,Pearson,Lasso,0.8856533024941761,0.9263137501861338,49,prelim_load_avg_hourly|total_pjm_rt_load_mwh|gen_fuel_gas_mw|solar_generation_mw|marginal_loss_price_rt,未初筛
total_losses,总网损,95%,5,Pearson,Pearson,0.9015296428299906,0.9263137501861338,49,gen_fuel_coal_mw|prelim_load_avg_hourly|gen_fuel_coal_pct|forecast_load_mw_latest_available|total_pjm_rt_load_mwh,未初筛
total_losses,总网损,97%,6,Pearson,DGatingDNN,0.8665649007016691,0.9263137501861338,49,marginal_loss_price_rt|system_energy_price_rt|total_pjm_rt_load_mwh|gen_fuel_nuclear_mw|gen_fuel_coal_pct|gen_fuel_gas_pct,未初筛
total_losses,总网损,97%,6,Pearson,STG,0.8395990043739734,0.9263137501861338,49,wind_generation_mw|marginal_loss_price_rt|system_energy_price_da|da_as_as_mw_thirty_minutes_reserve|da_as_as_req_mw_synchronized_reserve|total_pjm_rt_load_mwh,未初筛
total_losses,总网损,97%,6,Pearson,LassoNet,0.8174930625712402,0.9263137501861338,49,gen_fuel_nuclear_mw|wind_generation_mw|gen_fuel_wind_mw|prelim_load_avg_hourly|gross_inadv_interchange_mw|system_energy_price_da,未初筛
total_losses,总网损,97%,6,Pearson,XGBoost,0.8909311679690887,0.9263137501861338,49,gen_fuel_coal_mw|prelim_load_avg_hourly|da_as_as_req_mw_thirty_minutes_reserve|gen_fuel_nuclear_mw|gen_fuel_wind_mw|marginal_loss_price_rt,未初筛
total_losses,总网损,97%,6,Pearson,Lasso,0.9065862163109236,0.9263137501861338,49,prelim_load_avg_hourly|total_pjm_rt_load_mwh|gen_fuel_gas_mw|solar_generation_mw|marginal_loss_price_rt|system_energy_price_rt,未初筛
total_losses,总网损,97%,6,Pearson,Pearson,0.9191076850944406,0.9263137501861338,49,gen_fuel_coal_mw|prelim_load_avg_hourly|gen_fuel_coal_pct|forecast_load_mw_latest_available|total_pjm_rt_load_mwh|gen_fuel_nuclear_mw,未初筛
congestion_price_da,日前阻塞价,95%,8,DGatingDNN,DGatingDNN,0.6849863511840826,0.6928779227128847,49,da_as_as_req_mw_primary_reserve|gen_fuel_other_renewables_mw|gross_inadv_interchange_mw|system_energy_price_da|gen_fuel_solar_pct|gen_fuel_coal_pct|gen_fuel_nuclear_mw|gen_fuel_wind_mw,未初筛
congestion_price_da,日前阻塞价,95%,8,DGatingDNN,STG,0.4335869823177554,0.6928779227128847,49,wind_generation_mw|marginal_loss_price_rt|system_energy_price_da|da_as_ss_mw_primary_reserve|da_as_as_mw_thirty_minutes_reserve|da_as_as_mw_synchronized_reserve|da_as_as_req_mw_synchronized_reserve|da_as_as_req_mw_primary_reserve,未初筛
congestion_price_da,日前阻塞价,95%,8,DGatingDNN,LassoNet,0.5468078818099606,0.6928779227128847,49,system_energy_price_da|forecast_load_mw_latest_available|gross_inadv_interchange_mw|da_as_as_req_mw_primary_reserve|da_as_as_req_mw_synchronized_reserve|marginal_loss_price_rt|gen_fuel_nuclear_mw|da_as_mcp_primary_reserve,未初筛
congestion_price_da,日前阻塞价,95%,8,DGatingDNN,XGBoost,0.5193578241068706,0.6928779227128847,49,gen_fuel_oil_mw|prelim_load_avg_hourly|da_as_as_req_mw_primary_reserve|gen_fuel_solar_pct|gen_fuel_oil_pct|system_energy_price_da|da_as_as_mw_synchronized_reserve|gen_fuel_solar_mw,未初筛
congestion_price_da,日前阻塞价,95%,8,DGatingDNN,Lasso,0.19512882620278,0.6928779227128847,49,gen_fuel_oil_mw|wind_generation_mw|total_pjm_reg_purchases|total_pjm_self_sched_reg|total_pjm_assigned_reg|total_pjm_rmccp_cr|total_pjm_rmpcp_cr|da_as_mcp_primary_reserve,未初筛
congestion_price_da,日前阻塞价,95%,8,DGatingDNN,Pearson,0.4359322287326135,0.6928779227128847,49,gen_fuel_oil_mw|system_energy_price_da|gen_fuel_oil_pct|forecast_load_mw_latest_available|prelim_load_avg_hourly|total_pjm_rt_load_mwh|gen_fuel_gas_mw|marginal_loss_price_rt,未初筛
congestion_price_da,日前阻塞价,97%,9,DGatingDNN,DGatingDNN,0.7070078137944797,0.6928779227128847,49,da_as_as_req_mw_primary_reserve|gen_fuel_other_renewables_mw|gross_inadv_interchange_mw|system_energy_price_da|gen_fuel_solar_pct|gen_fuel_coal_pct|gen_fuel_nuclear_mw|gen_fuel_wind_mw|gross_sched_interchange_mw,未初筛
congestion_price_da,日前阻塞价,97%,9,DGatingDNN,STG,0.4816382116124541,0.6928779227128847,49,wind_generation_mw|marginal_loss_price_rt|system_energy_price_da|da_as_ss_mw_primary_reserve|da_as_as_mw_thirty_minutes_reserve|da_as_as_mw_synchronized_reserve|da_as_as_req_mw_synchronized_reserve|da_as_as_req_mw_primary_reserve|da_as_mcp_primary_reserve,未初筛
congestion_price_da,日前阻塞价,97%,9,DGatingDNN,LassoNet,0.6046828571927154,0.6928779227128847,49,system_energy_price_da|forecast_load_mw_latest_available|gross_inadv_interchange_mw|da_as_as_req_mw_primary_reserve|da_as_as_req_mw_synchronized_reserve|marginal_loss_price_rt|gen_fuel_nuclear_mw|da_as_mcp_primary_reserve|gen_fuel_solar_pct,未初筛
congestion_price_da,日前阻塞价,97%,9,DGatingDNN,XGBoost,0.5352959480836701,0.6928779227128847,49,gen_fuel_oil_mw|prelim_load_avg_hourly|da_as_as_req_mw_primary_reserve|gen_fuel_solar_pct|gen_fuel_oil_pct|system_energy_price_da|da_as_as_mw_synchronized_reserve|gen_fuel_solar_mw|da_as_as_req_mw_thirty_minutes_reserve,未初筛
congestion_price_da,日前阻塞价,97%,9,DGatingDNN,Lasso,0.2245999485843217,0.6928779227128847,49,gen_fuel_oil_mw|wind_generation_mw|total_pjm_reg_purchases|total_pjm_self_sched_reg|total_pjm_assigned_reg|total_pjm_rmccp_cr|total_pjm_rmpcp_cr|da_as_mcp_primary_reserve|da_as_mcp_synchronized_reserve,未初筛
congestion_price_da,日前阻塞价,97%,9,DGatingDNN,Pearson,0.4487575816046908,0.6928779227128847,49,gen_fuel_oil_mw|system_energy_price_da|gen_fuel_oil_pct|forecast_load_mw_latest_available|prelim_load_avg_hourly|total_pjm_rt_load_mwh|gen_fuel_gas_mw|marginal_loss_price_rt|gen_fuel_coal_mw,未初筛
congestion_price_rt,实时阻塞价,95%,10,XGBoost,DGatingDNN,0.5743167801173544,0.6538016664318546,48,marginal_loss_price_rt|system_energy_price_rt|gross_sched_interchange_mw|gen_fuel_multiple_fuels_pct|gen_fuel_gas_pct|gen_fuel_oil_pct|gen_fuel_coal_pct|gross_inadv_interchange_mw|total_pjm_rmccp_cr|gen_fuel_storage_mw,未初筛
congestion_price_rt,实时阻塞价,95%,10,XGBoost,STG,0.5747298049506835,0.6538016664318546,48,wind_generation_mw|marginal_loss_price_rt|system_energy_price_rt|system_energy_price_da|da_as_ss_mw_primary_reserve|da_as_as_req_mw_thirty_minutes_reserve|da_as_mcp_synchronized_reserve|total_pjm_loc_credit|gross_sched_interchange_mw|gen_fuel_solar_pct,未初筛
congestion_price_rt,实时阻塞价,95%,10,XGBoost,LassoNet,0.5626188046382692,0.6538016664318546,48,system_energy_price_rt|gen_fuel_multiple_fuels_pct|da_as_mcp_synchronized_reserve|gen_fuel_wind_pct|gen_fuel_gas_pct|total_pjm_loc_credit|marginal_loss_price_rt|gen_fuel_coal_pct|gross_inadv_interchange_mw|gen_fuel_multiple_fuels_mw,未初筛
congestion_price_rt,实时阻塞价,95%,10,XGBoost,XGBoost,0.6314224925737713,0.6538016664318546,48,system_energy_price_rt|marginal_loss_price_rt|da_as_as_req_mw_primary_reserve|gen_fuel_solar_pct|gen_fuel_gas_pct|gen_fuel_coal_pct|gen_fuel_solar_mw|gen_fuel_multiple_fuels_pct|rmccp|da_as_mcp_synchronized_reserve,未初筛
congestion_price_rt,实时阻塞价,95%,10,XGBoost,Lasso,0.4768029229281301,0.6538016664318546,48,system_energy_price_rt|wind_generation_mw|total_pjm_loc_credit|total_pjm_reg_purchases|total_pjm_self_sched_reg|total_pjm_assigned_reg|total_pjm_rmccp_cr|total_pjm_rmpcp_cr|da_as_mcp_primary_reserve|da_as_mcp_synchronized_reserve,未初筛
congestion_price_rt,实时阻塞价,95%,10,XGBoost,Pearson,0.5190122444036389,0.6538016664318546,48,system_energy_price_rt|marginal_loss_price_rt|system_energy_price_da|gen_fuel_oil_pct|gen_fuel_oil_mw|rmccp|gen_fuel_multiple_fuels_mw|total_pjm_rmccp_cr|prelim_load_avg_hourly|total_pjm_rt_load_mwh,未初筛
congestion_price_rt,实时阻塞价,97%,12,XGBoost,DGatingDNN,0.5883108533440575,0.6538016664318546,48,marginal_loss_price_rt|system_energy_price_rt|gross_sched_interchange_mw|gen_fuel_multiple_fuels_pct|gen_fuel_gas_pct|gen_fuel_oil_pct|gen_fuel_coal_pct|gross_inadv_interchange_mw|total_pjm_rmccp_cr|gen_fuel_storage_mw|gen_fuel_other_renewables_mw|wind_generation_mw,未初筛
congestion_price_rt,实时阻塞价,97%,12,XGBoost,STG,0.5922792949790067,0.6538016664318546,48,wind_generation_mw|marginal_loss_price_rt|system_energy_price_rt|system_energy_price_da|da_as_ss_mw_primary_reserve|da_as_as_req_mw_thirty_minutes_reserve|da_as_mcp_synchronized_reserve|total_pjm_loc_credit|gross_sched_interchange_mw|gen_fuel_solar_pct|gen_fuel_multiple_fuels_pct|gen_fuel_gas_pct,未初筛
congestion_price_rt,实时阻塞价,97%,12,XGBoost,LassoNet,0.6169625981602584,0.6538016664318546,48,system_energy_price_rt|gen_fuel_multiple_fuels_pct|da_as_mcp_synchronized_reserve|gen_fuel_wind_pct|gen_fuel_gas_pct|total_pjm_loc_credit|marginal_loss_price_rt|gen_fuel_coal_pct|gross_inadv_interchange_mw|gen_fuel_multiple_fuels_mw|gen_fuel_other_renewables_mw|gen_fuel_nuclear_mw,未初筛
congestion_price_rt,实时阻塞价,97%,12,XGBoost,XGBoost,0.6526530522089411,0.6538016664318546,48,system_energy_price_rt|marginal_loss_price_rt|da_as_as_req_mw_primary_reserve|gen_fuel_solar_pct|gen_fuel_gas_pct|gen_fuel_coal_pct|gen_fuel_solar_mw|gen_fuel_multiple_fuels_pct|rmccp|da_as_mcp_synchronized_reserve|da_as_as_req_mw_thirty_minutes_reserve|gen_fuel_nuclear_mw,未初筛
congestion_price_rt,实时阻塞价,97%,12,XGBoost,Lasso,0.488816711631824,0.6538016664318546,48,system_energy_price_rt|wind_generation_mw|total_pjm_loc_credit|total_pjm_reg_purchases|total_pjm_self_sched_reg|total_pjm_assigned_reg|total_pjm_rmccp_cr|total_pjm_rmpcp_cr|da_as_mcp_primary_reserve|da_as_mcp_synchronized_reserve|da_as_as_req_mw_primary_reserve|da_as_as_req_mw_synchronized_reserve,未初筛
congestion_price_rt,实时阻塞价,97%,12,XGBoost,Pearson,0.5415770588397995,0.6538016664318546,48,system_energy_price_rt|marginal_loss_price_rt|system_energy_price_da|gen_fuel_oil_pct|gen_fuel_oil_mw|rmccp|gen_fuel_multiple_fuels_mw|total_pjm_rmccp_cr|prelim_load_avg_hourly|total_pjm_rt_load_mwh|forecast_load_mw_latest_available|gen_fuel_nuclear_pct,未初筛
marginal_loss_price_da,日前边际损耗价,95%,5,DGatingDNN,DGatingDNN,0.8554016917255831,0.8881843796891106,49,system_energy_price_da|gen_fuel_other_renewables_mw|forecast_load_mw_latest_available|gen_fuel_gas_pct|gen_fuel_multiple_fuels_pct,未初筛
marginal_loss_price_da,日前边际损耗价,95%,5,DGatingDNN,STG,0.728908785390179,0.8881843796891106,49,wind_generation_mw|gross_sched_interchange_mw|forecast_load_mw_latest_available|da_as_mcp_synchronized_reserve|gen_fuel_oil_pct,未初筛
marginal_loss_price_da,日前边际损耗价,95%,5,DGatingDNN,LassoNet,0.8016705551475687,0.8881843796891106,49,system_energy_price_da|marginal_loss_price_rt|gen_fuel_nuclear_mw|gen_fuel_wind_mw|gross_sched_interchange_mw,未初筛
marginal_loss_price_da,日前边际损耗价,95%,5,DGatingDNN,XGBoost,0.8269787462797387,0.8881843796891106,49,system_energy_price_da|forecast_load_mw_latest_available|prelim_load_avg_hourly|gen_fuel_nuclear_mw|da_as_as_req_mw_primary_reserve,未初筛
marginal_loss_price_da,日前边际损耗价,95%,5,DGatingDNN,Lasso,0.8027998766598028,0.8881843796891106,49,system_energy_price_da|marginal_loss_price_rt|gen_fuel_nuclear_mw|gen_fuel_oil_mw|gen_fuel_multiple_fuels_pct,未初筛
marginal_loss_price_da,日前边际损耗价,95%,5,DGatingDNN,Pearson,0.7358218945907407,0.8881843796891106,49,system_energy_price_da|gen_fuel_oil_mw|gen_fuel_oil_pct|marginal_loss_price_rt|total_lmp_rt,未初筛
marginal_loss_price_da,日前边际损耗价,97%,6,DGatingDNN,DGatingDNN,0.8763349738268583,0.8881843796891106,49,system_energy_price_da|gen_fuel_other_renewables_mw|forecast_load_mw_latest_available|gen_fuel_gas_pct|gen_fuel_multiple_fuels_pct|da_as_as_req_mw_thirty_minutes_reserve,未初筛
marginal_loss_price_da,日前边际损耗价,97%,6,DGatingDNN,STG,0.7834966078793835,0.8881843796891106,49,wind_generation_mw|gross_sched_interchange_mw|forecast_load_mw_latest_available|da_as_mcp_synchronized_reserve|gen_fuel_oil_pct|gen_fuel_multiple_fuels_pct,未初筛
marginal_loss_price_da,日前边际损耗价,97%,6,DGatingDNN,LassoNet,0.840636487254033,0.8881843796891106,49,system_energy_price_da|marginal_loss_price_rt|gen_fuel_nuclear_mw|gen_fuel_wind_mw|gross_sched_interchange_mw|gen_fuel_multiple_fuels_pct,未初筛
marginal_loss_price_da,日前边际损耗价,97%,6,DGatingDNN,XGBoost,0.8445198336578643,0.8881843796891106,49,system_energy_price_da|forecast_load_mw_latest_available|prelim_load_avg_hourly|gen_fuel_nuclear_mw|da_as_as_req_mw_primary_reserve|da_as_as_mw_thirty_minutes_reserve,未初筛
marginal_loss_price_da,日前边际损耗价,97%,6,DGatingDNN,Lasso,0.8343348094901731,0.8881843796891106,49,system_energy_price_da|marginal_loss_price_rt|gen_fuel_nuclear_mw|gen_fuel_oil_mw|gen_fuel_multiple_fuels_pct|gross_sched_interchange_mw,未初筛
marginal_loss_price_da,日前边际损耗价,97%,6,DGatingDNN,Pearson,0.7481159942514035,0.8881843796891106,49,system_energy_price_da|gen_fuel_oil_mw|gen_fuel_oil_pct|marginal_loss_price_rt|total_lmp_rt|system_energy_price_rt,未初筛
total_lmp_da,日前总电价,95%,1,DGatingDNN,DGatingDNN,0.9865040577460306,0.9946807943539098,49,system_energy_price_da,未初筛
total_lmp_da,日前总电价,95%,1,DGatingDNN,STG,0.9865040577460306,0.9946807943539098,49,system_energy_price_da,未初筛
total_lmp_da,日前总电价,95%,1,DGatingDNN,LassoNet,0.9865040577460306,0.9946807943539098,49,system_energy_price_da,未初筛
total_lmp_da,日前总电价,95%,1,DGatingDNN,XGBoost,0.9865040577460306,0.9946807943539098,49,system_energy_price_da,未初筛
total_lmp_da,日前总电价,95%,1,DGatingDNN,Lasso,0.9865040577460306,0.9946807943539098,49,system_energy_price_da,未初筛
total_lmp_da,日前总电价,95%,1,DGatingDNN,Pearson,0.9865040577460306,0.9946807943539098,49,system_energy_price_da,未初筛
total_lmp_da,日前总电价,97%,1,DGatingDNN,DGatingDNN,0.9865040577460306,0.9946807943539098,49,system_energy_price_da,未初筛
total_lmp_da,日前总电价,97%,1,DGatingDNN,STG,0.9865040577460306,0.9946807943539098,49,system_energy_price_da,未初筛
total_lmp_da,日前总电价,97%,1,DGatingDNN,LassoNet,0.9865040577460306,0.9946807943539098,49,system_energy_price_da,未初筛
total_lmp_da,日前总电价,97%,1,DGatingDNN,XGBoost,0.9865040577460306,0.9946807943539098,49,system_energy_price_da,未初筛
total_lmp_da,日前总电价,97%,1,DGatingDNN,Lasso,0.9865040577460306,0.9946807943539098,49,system_energy_price_da,未初筛
total_lmp_da,日前总电价,97%,1,DGatingDNN,Pearson,0.9865040577460306,0.9946807943539098,49,system_energy_price_da,未初筛
da_as_total_mw_primary_reserve,日前主用备用总量,95%,4,DGatingDNN,DGatingDNN,0.873644439607837,0.8588289163840803,47,da_as_as_mw_synchronized_reserve|da_as_as_mw_thirty_minutes_reserve|da_as_as_req_mw_synchronized_reserve|gen_fuel_nuclear_mw,未初筛
da_as_total_mw_primary_reserve,日前主用备用总量,95%,4,DGatingDNN,STG,0.6568942730122064,0.8588289163840803,47,da_as_as_req_mw_synchronized_reserve|total_pjm_self_sched_reg|gen_fuel_hydro_mw|da_as_as_mw_thirty_minutes_reserve,未初筛
da_as_total_mw_primary_reserve,日前主用备用总量,95%,4,DGatingDNN,LassoNet,0.6149772714002608,0.8588289163840803,47,da_as_as_req_mw_primary_reserve|da_as_as_req_mw_synchronized_reserve|da_as_as_mw_thirty_minutes_reserve|da_as_as_req_mw_thirty_minutes_reserve,未初筛
da_as_total_mw_primary_reserve,日前主用备用总量,95%,4,DGatingDNN,XGBoost,0.7487164666754267,0.8588289163840803,47,da_as_as_req_mw_primary_reserve|da_as_as_req_mw_thirty_minutes_reserve|da_as_mcp_primary_reserve|da_as_as_mw_synchronized_reserve,未初筛
da_as_total_mw_primary_reserve,日前主用备用总量,95%,4,DGatingDNN,Lasso,0.8160681369575074,0.8588289163840803,47,da_as_as_req_mw_primary_reserve|da_as_as_mw_thirty_minutes_reserve|da_as_as_mw_synchronized_reserve|da_as_as_req_mw_thirty_minutes_reserve,未初筛
da_as_total_mw_primary_reserve,日前主用备用总量,95%,4,DGatingDNN,Pearson,0.6144435856162302,0.8588289163840803,47,da_as_as_req_mw_primary_reserve|da_as_as_req_mw_synchronized_reserve|da_as_as_req_mw_thirty_minutes_reserve|da_as_as_mw_thirty_minutes_reserve,未初筛
da_as_total_mw_primary_reserve,日前主用备用总量,97%,4,DGatingDNN,DGatingDNN,0.873644439607837,0.8588289163840803,47,da_as_as_mw_synchronized_reserve|da_as_as_mw_thirty_minutes_reserve|da_as_as_req_mw_synchronized_reserve|gen_fuel_nuclear_mw,未初筛
da_as_total_mw_primary_reserve,日前主用备用总量,97%,4,DGatingDNN,STG,0.6568942730122064,0.8588289163840803,47,da_as_as_req_mw_synchronized_reserve|total_pjm_self_sched_reg|gen_fuel_hydro_mw|da_as_as_mw_thirty_minutes_reserve,未初筛
da_as_total_mw_primary_reserve,日前主用备用总量,97%,4,DGatingDNN,LassoNet,0.6149772714002608,0.8588289163840803,47,da_as_as_req_mw_primary_reserve|da_as_as_req_mw_synchronized_reserve|da_as_as_mw_thirty_minutes_reserve|da_as_as_req_mw_thirty_minutes_reserve,未初筛
da_as_total_mw_primary_reserve,日前主用备用总量,97%,4,DGatingDNN,XGBoost,0.7487164666754267,0.8588289163840803,47,da_as_as_req_mw_primary_reserve|da_as_as_req_mw_thirty_minutes_reserve|da_as_mcp_primary_reserve|da_as_as_mw_synchronized_reserve,未初筛
da_as_total_mw_primary_reserve,日前主用备用总量,97%,4,DGatingDNN,Lasso,0.8160681369575074,0.8588289163840803,47,da_as_as_req_mw_primary_reserve|da_as_as_mw_thirty_minutes_reserve|da_as_as_mw_synchronized_reserve|da_as_as_req_mw_thirty_minutes_reserve,未初筛
da_as_total_mw_primary_reserve,日前主用备用总量,97%,4,DGatingDNN,Pearson,0.6144435856162302,0.8588289163840803,47,da_as_as_req_mw_primary_reserve|da_as_as_req_mw_synchronized_reserve|da_as_as_req_mw_thirty_minutes_reserve|da_as_as_mw_thirty_minutes_reserve,未初筛
da_as_total_mw_thirty_minutes_reserve,日前30分钟备用总量,95%,8,DGatingDNN,DGatingDNN,0.8680625430789113,0.8949160072394289,48,gen_fuel_nuclear_mw|system_energy_price_da|gen_fuel_coal_pct|gen_fuel_nuclear_pct|gen_fuel_gas_pct|gen_fuel_multiple_fuels_pct|gen_fuel_other_renewables_mw|gen_fuel_oil_pct,未初筛
da_as_total_mw_thirty_minutes_reserve,日前30分钟备用总量,95%,8,DGatingDNN,STG,0.8272459437891558,0.8949160072394289,48,gen_fuel_gas_pct|da_as_as_mw_synchronized_reserve|da_as_ss_mw_primary_reserve|gen_fuel_multiple_fuels_pct|total_pjm_assigned_reg|gen_fuel_coal_pct|system_energy_price_da|da_as_as_mw_primary_reserve,未初筛
da_as_total_mw_thirty_minutes_reserve,日前30分钟备用总量,95%,8,DGatingDNN,LassoNet,0.8179153872717313,0.8949160072394289,48,gen_fuel_nuclear_mw|system_energy_price_da|da_as_as_mw_primary_reserve|gen_fuel_multiple_fuels_mw|gen_fuel_hydro_mw|da_as_mcp_synchronized_reserve|da_as_as_req_mw_synchronized_reserve|total_pjm_rmpcp_cr,未初筛
da_as_total_mw_thirty_minutes_reserve,日前30分钟备用总量,95%,8,DGatingDNN,XGBoost,0.8183804268035944,0.8949160072394289,48,da_as_mcp_primary_reserve|da_as_as_mw_primary_reserve|da_as_mcp_synchronized_reserve|gen_fuel_nuclear_mw|gen_fuel_gas_mw|system_energy_price_da|da_as_as_req_mw_primary_reserve|forecast_load_mw_latest_available,未初筛
da_as_total_mw_thirty_minutes_reserve,日前30分钟备用总量,95%,8,DGatingDNN,Lasso,0.8323864942633299,0.8949160072394289,48,gen_fuel_nuclear_mw|system_energy_price_da|da_as_as_mw_primary_reserve|gen_fuel_multiple_fuels_mw|gen_fuel_oil_mw|gen_fuel_hydro_mw|da_as_as_req_mw_primary_reserve|total_pjm_rmpcp_cr,未初筛
da_as_total_mw_thirty_minutes_reserve,日前30分钟备用总量,95%,8,DGatingDNN,Pearson,0.8105606923109966,0.8949160072394289,48,gen_fuel_nuclear_mw|system_energy_price_da|da_as_as_mw_primary_reserve|da_as_mcp_synchronized_reserve|gen_fuel_multiple_fuels_pct|gen_fuel_oil_pct|da_as_mcp_primary_reserve|gen_fuel_multiple_fuels_mw,未初筛
da_as_total_mw_thirty_minutes_reserve,日前30分钟备用总量,97%,10,DGatingDNN,DGatingDNN,0.8808752288993228,0.8949160072394289,48,gen_fuel_nuclear_mw|system_energy_price_da|gen_fuel_coal_pct|gen_fuel_nuclear_pct|gen_fuel_gas_pct|gen_fuel_multiple_fuels_pct|gen_fuel_other_renewables_mw|gen_fuel_oil_pct|wind_generation_mw|da_as_as_req_mw_primary_reserve,未初筛
da_as_total_mw_thirty_minutes_reserve,日前30分钟备用总量,97%,10,DGatingDNN,STG,0.8337426769985223,0.8949160072394289,48,gen_fuel_gas_pct|da_as_as_mw_synchronized_reserve|da_as_ss_mw_primary_reserve|gen_fuel_multiple_fuels_pct|total_pjm_assigned_reg|gen_fuel_coal_pct|system_energy_price_da|da_as_as_mw_primary_reserve|da_as_as_req_mw_synchronized_reserve|gen_fuel_oil_mw,未初筛
da_as_total_mw_thirty_minutes_reserve,日前30分钟备用总量,97%,10,DGatingDNN,LassoNet,0.8391048413989739,0.8949160072394289,48,gen_fuel_nuclear_mw|system_energy_price_da|da_as_as_mw_primary_reserve|gen_fuel_multiple_fuels_mw|gen_fuel_hydro_mw|da_as_mcp_synchronized_reserve|da_as_as_req_mw_synchronized_reserve|total_pjm_rmpcp_cr|gen_fuel_oil_mw|da_as_as_mw_synchronized_reserve,未初筛
da_as_total_mw_thirty_minutes_reserve,日前30分钟备用总量,97%,10,DGatingDNN,XGBoost,0.8397448979727365,0.8949160072394289,48,da_as_mcp_primary_reserve|da_as_as_mw_primary_reserve|da_as_mcp_synchronized_reserve|gen_fuel_nuclear_mw|gen_fuel_gas_mw|system_energy_price_da|da_as_as_req_mw_primary_reserve|forecast_load_mw_latest_available|gen_fuel_multiple_fuels_mw|total_pjm_rmpcp_cr,未初筛
da_as_total_mw_thirty_minutes_reserve,日前30分钟备用总量,97%,10,DGatingDNN,Lasso,0.8378861218122752,0.8949160072394289,48,gen_fuel_nuclear_mw|system_energy_price_da|da_as_as_mw_primary_reserve|gen_fuel_multiple_fuels_mw|gen_fuel_oil_mw|gen_fuel_hydro_mw|da_as_as_req_mw_primary_reserve|total_pjm_rmpcp_cr|gen_fuel_solar_mw|da_as_mcp_synchronized_reserve,未初筛
da_as_total_mw_thirty_minutes_reserve,日前30分钟备用总量,97%,10,DGatingDNN,Pearson,0.8387078135225013,0.8949160072394289,48,gen_fuel_nuclear_mw|system_energy_price_da|da_as_as_mw_primary_reserve|da_as_mcp_synchronized_reserve|gen_fuel_multiple_fuels_pct|gen_fuel_oil_pct|da_as_mcp_primary_reserve|gen_fuel_multiple_fuels_mw|gen_fuel_oil_mw|da_as_as_req_mw_primary_reserve,未初筛
net_actual_interchange_mw,净实际交换功率,95%,8,DGatingDNN,DGatingDNN,0.8768631845313392,0.9019507440038256,33,system_energy_price_da|gen_fuel_nuclear_mw|gen_fuel_multiple_fuels_pct|gen_fuel_other_renewables_mw|gross_sched_interchange_mw|marginal_loss_price_rt|gen_fuel_coal_mw|da_as_as_req_mw_thirty_minutes_reserve,已初筛
net_actual_interchange_mw,净实际交换功率,95%,8,DGatingDNN,STG,0.5598477851867132,0.9019507440038256,33,wind_generation_mw|system_energy_price_da|da_as_as_mw_thirty_minutes_reserve|da_as_as_req_mw_thirty_minutes_reserve|da_as_as_req_mw_primary_reserve|total_pjm_rmpcp_cr|total_pjm_assigned_reg|marginal_loss_price_rt,已初筛
net_actual_interchange_mw,净实际交换功率,95%,8,DGatingDNN,LassoNet,0.7978366821895567,0.9019507440038256,33,gross_sched_interchange_mw|da_as_as_req_mw_thirty_minutes_reserve|total_pjm_assigned_reg|gen_fuel_multiple_fuels_pct|gen_fuel_gas_mw|da_as_as_mw_synchronized_reserve|total_pjm_rmpcp_cr|system_energy_price_da,已初筛
net_actual_interchange_mw,净实际交换功率,95%,8,DGatingDNN,XGBoost,0.8025900993120088,0.9019507440038256,33,da_as_as_req_mw_thirty_minutes_reserve|da_as_as_req_mw_primary_reserve|gen_fuel_multiple_fuels_pct|gross_sched_interchange_mw|gen_fuel_nuclear_mw|system_energy_price_da|marginal_loss_price_rt|total_pjm_reg_purchases,已初筛
net_actual_interchange_mw,净实际交换功率,95%,8,DGatingDNN,Lasso,0.7947884688045358,0.9019507440038256,33,gross_sched_interchange_mw|da_as_as_req_mw_thirty_minutes_reserve|da_as_as_mw_thirty_minutes_reserve|total_pjm_assigned_reg|da_as_as_req_mw_primary_reserve|gen_fuel_multiple_fuels_pct|gen_fuel_nuclear_mw|da_as_as_req_mw_synchronized_reserve,已初筛
net_actual_interchange_mw,净实际交换功率,95%,8,DGatingDNN,Pearson,0.7751729566401546,0.9019507440038256,33,gross_sched_interchange_mw|da_as_as_req_mw_synchronized_reserve|da_as_as_req_mw_primary_reserve|da_as_as_req_mw_thirty_minutes_reserve|gen_fuel_nuclear_mw|da_as_as_mw_thirty_minutes_reserve|da_as_as_mw_primary_reserve|da_as_as_mw_synchronized_reserve,已初筛
net_actual_interchange_mw,净实际交换功率,97%,9,DGatingDNN,DGatingDNN,0.8893725796087707,0.9019507440038256,33,system_energy_price_da|gen_fuel_nuclear_mw|gen_fuel_multiple_fuels_pct|gen_fuel_other_renewables_mw|gross_sched_interchange_mw|marginal_loss_price_rt|gen_fuel_coal_mw|da_as_as_req_mw_thirty_minutes_reserve|gen_fuel_coal_pct,已初筛
net_actual_interchange_mw,净实际交换功率,97%,9,DGatingDNN,STG,0.6189646692438899,0.9019507440038256,33,wind_generation_mw|system_energy_price_da|da_as_as_mw_thirty_minutes_reserve|da_as_as_req_mw_thirty_minutes_reserve|da_as_as_req_mw_primary_reserve|total_pjm_rmpcp_cr|total_pjm_assigned_reg|marginal_loss_price_rt|gen_fuel_other_renewables_pct,已初筛
net_actual_interchange_mw,净实际交换功率,97%,9,DGatingDNN,LassoNet,0.8318047942683439,0.9019507440038256,33,gross_sched_interchange_mw|da_as_as_req_mw_thirty_minutes_reserve|total_pjm_assigned_reg|gen_fuel_multiple_fuels_pct|gen_fuel_gas_mw|da_as_as_mw_synchronized_reserve|total_pjm_rmpcp_cr|system_energy_price_da|gen_fuel_coal_pct,已初筛
net_actual_interchange_mw,净实际交换功率,97%,9,DGatingDNN,XGBoost,0.8082435726276798,0.9019507440038256,33,da_as_as_req_mw_thirty_minutes_reserve|da_as_as_req_mw_primary_reserve|gen_fuel_multiple_fuels_pct|gross_sched_interchange_mw|gen_fuel_nuclear_mw|system_energy_price_da|marginal_loss_price_rt|total_pjm_reg_purchases|total_pjm_assigned_reg,已初筛
net_actual_interchange_mw,净实际交换功率,97%,9,DGatingDNN,Lasso,0.8145761507578843,0.9019507440038256,33,gross_sched_interchange_mw|da_as_as_req_mw_thirty_minutes_reserve|da_as_as_mw_thirty_minutes_reserve|total_pjm_assigned_reg|da_as_as_req_mw_primary_reserve|gen_fuel_multiple_fuels_pct|gen_fuel_nuclear_mw|da_as_as_req_mw_synchronized_reserve|da_as_nsr_mw_primary_reserve,已初筛
net_actual_interchange_mw,净实际交换功率,97%,9,DGatingDNN,Pearson,0.8002142500955473,0.9019507440038256,33,gross_sched_interchange_mw|da_as_as_req_mw_synchronized_reserve|da_as_as_req_mw_primary_reserve|da_as_as_req_mw_thirty_minutes_reserve|gen_fuel_nuclear_mw|da_as_as_mw_thirty_minutes_reserve|da_as_as_mw_primary_reserve|da_as_as_mw_synchronized_reserve|gen_fuel_multiple_fuels_pct,已初筛
gross_actual_interchange_mw,总实际交换功率,95%,7,DGatingDNN,DGatingDNN,0.8399801857185691,0.8665549333724907,38,gross_inadv_interchange_mw|gen_fuel_multiple_fuels_pct|gen_fuel_nuclear_mw|gross_sched_interchange_mw|gen_fuel_other_renewables_mw|gen_fuel_gas_pct|gen_fuel_coal_pct,已初筛
gross_actual_interchange_mw,总实际交换功率,95%,7,DGatingDNN,STG,0.5064493323060166,0.8665549333724907,38,solar_generation_mw|da_as_ss_mw_primary_reserve|da_as_as_req_mw_thirty_minutes_reserve|total_pjm_reg_purchases|gross_sched_interchange_mw|gen_fuel_multiple_fuels_pct|gen_fuel_gas_pct,已初筛
gross_actual_interchange_mw,总实际交换功率,95%,7,DGatingDNN,LassoNet,0.7907781725287866,0.8665549333724907,38,gross_inadv_interchange_mw|gross_sched_interchange_mw|total_pjm_reg_purchases|gen_fuel_nuclear_mw|gen_fuel_multiple_fuels_pct|gen_fuel_solar_mw|gen_fuel_oil_mw,已初筛
gross_actual_interchange_mw,总实际交换功率,95%,7,DGatingDNN,XGBoost,0.7930490322104489,0.8665549333724907,38,gross_inadv_interchange_mw|da_as_as_req_mw_thirty_minutes_reserve|gen_fuel_hydro_pct|gross_sched_interchange_mw|total_pjm_reg_purchases|gen_fuel_nuclear_mw|prelim_load_avg_hourly,已初筛
gross_actual_interchange_mw,总实际交换功率,95%,7,DGatingDNN,Lasso,0.7909429090994164,0.8665549333724907,38,gross_inadv_interchange_mw|gen_fuel_multiple_fuels_pct|gen_fuel_nuclear_mw|total_pjm_reg_purchases|gen_fuel_oil_mw|gross_sched_interchange_mw|gen_fuel_hydro_mw,已初筛
gross_actual_interchange_mw,总实际交换功率,95%,7,DGatingDNN,Pearson,0.8119494969599501,0.8665549333724907,38,gross_inadv_interchange_mw|gross_sched_interchange_mw|gen_fuel_coal_mw|gen_fuel_nuclear_mw|gen_fuel_coal_pct|total_pjm_reg_purchases|prelim_load_avg_hourly,已初筛
gross_actual_interchange_mw,总实际交换功率,97%,9,DGatingDNN,DGatingDNN,0.8646617606263046,0.8665549333724907,38,gross_inadv_interchange_mw|gen_fuel_multiple_fuels_pct|gen_fuel_nuclear_mw|gross_sched_interchange_mw|gen_fuel_other_renewables_mw|gen_fuel_gas_pct|gen_fuel_coal_pct|da_as_as_req_mw_synchronized_reserve|gen_fuel_nuclear_pct,已初筛
gross_actual_interchange_mw,总实际交换功率,97%,9,DGatingDNN,STG,0.8143846886063031,0.8665549333724907,38,solar_generation_mw|da_as_ss_mw_primary_reserve|da_as_as_req_mw_thirty_minutes_reserve|total_pjm_reg_purchases|gross_sched_interchange_mw|gen_fuel_multiple_fuels_pct|gen_fuel_gas_pct|gross_inadv_interchange_mw|gen_fuel_oil_mw,已初筛
gross_actual_interchange_mw,总实际交换功率,97%,9,DGatingDNN,LassoNet,0.8227305062070311,0.8665549333724907,38,gross_inadv_interchange_mw|gross_sched_interchange_mw|total_pjm_reg_purchases|gen_fuel_nuclear_mw|gen_fuel_multiple_fuels_pct|gen_fuel_solar_mw|gen_fuel_oil_mw|gen_fuel_hydro_mw|gen_fuel_gas_pct,已初筛
gross_actual_interchange_mw,总实际交换功率,97%,9,DGatingDNN,XGBoost,0.812538993880675,0.8665549333724907,38,gross_inadv_interchange_mw|da_as_as_req_mw_thirty_minutes_reserve|gen_fuel_hydro_pct|gross_sched_interchange_mw|total_pjm_reg_purchases|gen_fuel_nuclear_mw|prelim_load_avg_hourly|gen_fuel_gas_mw|da_as_as_req_mw_primary_reserve,已初筛
gross_actual_interchange_mw,总实际交换功率,97%,9,DGatingDNN,Lasso,0.8355815515215768,0.8665549333724907,38,gross_inadv_interchange_mw|gen_fuel_multiple_fuels_pct|gen_fuel_nuclear_mw|total_pjm_reg_purchases|gen_fuel_oil_mw|gross_sched_interchange_mw|gen_fuel_hydro_mw|gen_fuel_coal_mw|gen_fuel_gas_pct,已初筛
gross_actual_interchange_mw,总实际交换功率,97%,9,DGatingDNN,Pearson,0.8092886203416485,0.8665549333724907,38,gross_inadv_interchange_mw|gross_sched_interchange_mw|gen_fuel_coal_mw|gen_fuel_nuclear_mw|gen_fuel_coal_pct|total_pjm_reg_purchases|prelim_load_avg_hourly|forecast_load_mw_latest_available|total_pjm_rt_load_mwh,已初筛
net_sched_interchange_mw,净计划交换功率,95%,8,DGatingDNN,DGatingDNN,0.8743347931531106,0.9056653999910154,32,gen_fuel_coal_pct|gen_fuel_gas_mw|gen_fuel_nuclear_mw|system_energy_price_da|gen_fuel_other_renewables_mw|gen_fuel_multiple_fuels_pct|marginal_loss_price_rt|gross_sched_interchange_mw,已初筛
net_sched_interchange_mw,净计划交换功率,95%,8,DGatingDNN,STG,0.7510135225367447,0.9056653999910154,32,gross_sched_interchange_mw|total_pjm_rmpcp_cr|total_pjm_assigned_reg|marginal_loss_price_rt|da_as_as_mw_thirty_minutes_reserve|gen_fuel_wind_pct|gen_fuel_multiple_fuels_pct|da_as_as_req_mw_thirty_minutes_reserve,已初筛
net_sched_interchange_mw,净计划交换功率,95%,8,DGatingDNN,LassoNet,0.7976860288363424,0.9056653999910154,32,gross_sched_interchange_mw|da_as_as_req_mw_thirty_minutes_reserve|total_pjm_assigned_reg|gen_fuel_multiple_fuels_pct|gen_fuel_gas_mw|da_as_as_mw_synchronized_reserve|total_pjm_rmpcp_cr|system_energy_price_da,已初筛
net_sched_interchange_mw,净计划交换功率,95%,8,DGatingDNN,XGBoost,0.8192078481317966,0.9056653999910154,32,da_as_as_req_mw_thirty_minutes_reserve|gen_fuel_multiple_fuels_pct|gross_sched_interchange_mw|da_as_as_req_mw_primary_reserve|gen_fuel_nuclear_mw|system_energy_price_da|marginal_loss_price_rt|total_pjm_reg_purchases,已初筛
net_sched_interchange_mw,净计划交换功率,95%,8,DGatingDNN,Lasso,0.8030076242427511,0.9056653999910154,32,gross_sched_interchange_mw|da_as_as_req_mw_thirty_minutes_reserve|total_pjm_assigned_reg|da_as_as_mw_thirty_minutes_reserve|gen_fuel_multiple_fuels_pct|da_as_as_req_mw_primary_reserve|gen_fuel_nuclear_mw|da_as_as_req_mw_synchronized_reserve,已初筛
net_sched_interchange_mw,净计划交换功率,95%,8,DGatingDNN,Pearson,0.7640793600567719,0.9056653999910154,32,gross_sched_interchange_mw|da_as_as_req_mw_synchronized_reserve|da_as_as_req_mw_primary_reserve|da_as_as_req_mw_thirty_minutes_reserve|gen_fuel_nuclear_mw|da_as_as_mw_thirty_minutes_reserve|da_as_as_mw_primary_reserve|da_as_as_mw_synchronized_reserve,已初筛
net_sched_interchange_mw,净计划交换功率,97%,10,DGatingDNN,DGatingDNN,0.8950700488468695,0.9056653999910154,32,gen_fuel_coal_pct|gen_fuel_gas_mw|gen_fuel_nuclear_mw|system_energy_price_da|gen_fuel_other_renewables_mw|gen_fuel_multiple_fuels_pct|marginal_loss_price_rt|gross_sched_interchange_mw|gen_fuel_gas_pct|da_as_as_req_mw_thirty_minutes_reserve,已初筛
net_sched_interchange_mw,净计划交换功率,97%,10,DGatingDNN,STG,0.8324520568046606,0.9056653999910154,32,gross_sched_interchange_mw|total_pjm_rmpcp_cr|total_pjm_assigned_reg|marginal_loss_price_rt|da_as_as_mw_thirty_minutes_reserve|gen_fuel_wind_pct|gen_fuel_multiple_fuels_pct|da_as_as_req_mw_thirty_minutes_reserve|gen_fuel_coal_pct|gen_fuel_gas_pct,已初筛
net_sched_interchange_mw,净计划交换功率,97%,10,DGatingDNN,LassoNet,0.8442133636696347,0.9056653999910154,32,gross_sched_interchange_mw|da_as_as_req_mw_thirty_minutes_reserve|total_pjm_assigned_reg|gen_fuel_multiple_fuels_pct|gen_fuel_gas_mw|da_as_as_mw_synchronized_reserve|total_pjm_rmpcp_cr|system_energy_price_da|gen_fuel_coal_pct|wind_generation_mw,已初筛
net_sched_interchange_mw,净计划交换功率,97%,10,DGatingDNN,XGBoost,0.8453117633764693,0.9056653999910154,32,da_as_as_req_mw_thirty_minutes_reserve|gen_fuel_multiple_fuels_pct|gross_sched_interchange_mw|da_as_as_req_mw_primary_reserve|gen_fuel_nuclear_mw|system_energy_price_da|marginal_loss_price_rt|total_pjm_reg_purchases|total_pjm_assigned_reg|gen_fuel_gas_mw,已初筛
net_sched_interchange_mw,净计划交换功率,97%,10,DGatingDNN,Lasso,0.8357088022509103,0.9056653999910154,32,gross_sched_interchange_mw|da_as_as_req_mw_thirty_minutes_reserve|total_pjm_assigned_reg|da_as_as_mw_thirty_minutes_reserve|gen_fuel_multiple_fuels_pct|da_as_as_req_mw_primary_reserve|gen_fuel_nuclear_mw|da_as_as_req_mw_synchronized_reserve|system_energy_price_da|da_as_nsr_mw_primary_reserve,已初筛
net_sched_interchange_mw,净计划交换功率,97%,10,DGatingDNN,Pearson,0.8283739593437385,0.9056653999910154,32,gross_sched_interchange_mw|da_as_as_req_mw_synchronized_reserve|da_as_as_req_mw_primary_reserve|da_as_as_req_mw_thirty_minutes_reserve|gen_fuel_nuclear_mw|da_as_as_mw_thirty_minutes_reserve|da_as_as_mw_primary_reserve|da_as_as_mw_synchronized_reserve|gen_fuel_multiple_fuels_pct|gen_fuel_gas_mw,已初筛
total_gen,总发电量,95%,2,DGatingDNN,DGatingDNN,0.9473548785872128,0.9897076587230876,24,gen_fuel_hydro_mw|gen_fuel_hydro_pct,已初筛
total_gen,总发电量,95%,2,DGatingDNN,STG,0.4290061312286759,0.9897076587230876,24,gen_fuel_hydro_mw|gen_fuel_multiple_fuels_mw,已初筛
total_gen,总发电量,95%,2,DGatingDNN,LassoNet,0.6928227458747434,0.9897076587230876,24,gen_fuel_other_renewables_pct|gen_fuel_oil_mw,已初筛
total_gen,总发电量,95%,2,DGatingDNN,XGBoost,0.6960196387334224,0.9897076587230876,24,gen_fuel_oil_mw|gen_fuel_other_renewables_pct,已初筛
total_gen,总发电量,95%,2,DGatingDNN,Lasso,0.6394836100639157,0.9897076587230876,24,gen_fuel_hydro_mw|gen_fuel_other_renewables_pct,已初筛
total_gen,总发电量,95%,2,DGatingDNN,Pearson,0.6928227458747434,0.9897076587230876,24,gen_fuel_other_renewables_pct|gen_fuel_oil_mw,已初筛
total_gen,总发电量,97%,4,Lasso,DGatingDNN,0.9706156943624408,0.9897076587230876,24,gen_fuel_hydro_mw|gen_fuel_hydro_pct|gen_fuel_oil_mw|gen_fuel_oil_pct,已初筛
total_gen,总发电量,97%,4,Lasso,STG,0.8820591287197749,0.9897076587230876,24,gen_fuel_hydro_mw|gen_fuel_multiple_fuels_mw|gen_fuel_nuclear_mw|gen_fuel_oil_mw,已初筛
total_gen,总发电量,97%,4,Lasso,LassoNet,0.9060992987439588,0.9897076587230876,24,gen_fuel_other_renewables_pct|gen_fuel_oil_mw|gen_fuel_nuclear_mw|gen_fuel_coal_pct,已初筛
total_gen,总发电量,97%,4,Lasso,XGBoost,0.90615324032309,0.9897076587230876,24,gen_fuel_oil_mw|gen_fuel_other_renewables_pct|gen_fuel_nuclear_mw|gen_fuel_coal_pct,已初筛
total_gen,总发电量,97%,4,Lasso,Lasso,0.9753742407831252,0.9897076587230876,24,gen_fuel_hydro_mw|gen_fuel_other_renewables_pct|gen_fuel_other_renewables_mw|gen_fuel_hydro_pct,已初筛
total_gen,总发电量,97%,4,Lasso,Pearson,0.9026918343363756,0.9897076587230876,24,gen_fuel_other_renewables_pct|gen_fuel_oil_mw|gen_fuel_oil_pct|system_energy_price_da,已初筛
metered_load_mw,计量负荷,95%,2,DGatingDNN,DGatingDNN,0.9768414391517228,0.9955002817982678,28,gen_fuel_nuclear_pct|gen_fuel_nuclear_mw,已初筛
metered_load_mw,计量负荷,95%,2,DGatingDNN,STG,0.8992393297400612,0.9955002817982678,28,gen_fuel_coal_mw|gen_fuel_gas_mw,已初筛
metered_load_mw,计量负荷,95%,2,DGatingDNN,LassoNet,0.9243820431470814,0.9955002817982678,28,gen_fuel_nuclear_pct|gen_fuel_gas_mw,已初筛
metered_load_mw,计量负荷,95%,2,DGatingDNN,XGBoost,0.9768414391517228,0.9955002817982678,28,gen_fuel_nuclear_pct|gen_fuel_nuclear_mw,已初筛
metered_load_mw,计量负荷,95%,2,DGatingDNN,Lasso,0.9243832047717911,0.9955002817982678,28,gen_fuel_gas_mw|gen_fuel_nuclear_pct,已初筛
metered_load_mw,计量负荷,95%,2,DGatingDNN,Pearson,0.9243820431470814,0.9955002817982678,28,gen_fuel_nuclear_pct|gen_fuel_gas_mw,已初筛
metered_load_mw,计量负荷,97%,2,DGatingDNN,DGatingDNN,0.9768414391517228,0.9955002817982678,28,gen_fuel_nuclear_pct|gen_fuel_nuclear_mw,已初筛
metered_load_mw,计量负荷,97%,2,DGatingDNN,STG,0.8992393297400612,0.9955002817982678,28,gen_fuel_coal_mw|gen_fuel_gas_mw,已初筛
metered_load_mw,计量负荷,97%,2,DGatingDNN,LassoNet,0.9243820431470814,0.9955002817982678,28,gen_fuel_nuclear_pct|gen_fuel_gas_mw,已初筛
metered_load_mw,计量负荷,97%,2,DGatingDNN,XGBoost,0.9768414391517228,0.9955002817982678,28,gen_fuel_nuclear_pct|gen_fuel_nuclear_mw,已初筛
metered_load_mw,计量负荷,97%,2,DGatingDNN,Lasso,0.9243832047717911,0.9955002817982678,28,gen_fuel_gas_mw|gen_fuel_nuclear_pct,已初筛
metered_load_mw,计量负荷,97%,2,DGatingDNN,Pearson,0.9243820431470814,0.9955002817982678,28,gen_fuel_nuclear_pct|gen_fuel_gas_mw,已初筛
total_losses,总网损,95%,5,Pearson,DGatingDNN,0.8393028177722233,0.937730714859062,37,marginal_loss_price_rt|prelim_load_avg_hourly|total_lmp_rt|gen_fuel_coal_pct|gen_fuel_gas_mw,已初筛
total_losses,总网损,95%,5,Pearson,STG,0.7509332595637611,0.937730714859062,37,wind_generation_mw|marginal_loss_price_rt|system_energy_price_da|da_as_as_mw_thirty_minutes_reserve|gross_sched_interchange_mw,已初筛
total_losses,总网损,95%,5,Pearson,LassoNet,0.7947589647004634,0.937730714859062,37,gen_fuel_nuclear_mw|wind_generation_mw|gen_fuel_wind_mw|prelim_load_avg_hourly|gross_inadv_interchange_mw,已初筛
total_losses,总网损,95%,5,Pearson,XGBoost,0.8763289720235425,0.937730714859062,37,gen_fuel_coal_mw|prelim_load_avg_hourly|da_as_as_req_mw_thirty_minutes_reserve|gen_fuel_nuclear_mw|gen_fuel_wind_mw,已初筛
total_losses,总网损,95%,5,Pearson,Lasso,0.902207490007856,0.937730714859062,37,prelim_load_avg_hourly|total_pjm_rt_load_mwh|gen_fuel_gas_mw|solar_generation_mw|gen_fuel_coal_pct,已初筛
total_losses,总网损,95%,5,Pearson,Pearson,0.9015296428299906,0.937730714859062,37,gen_fuel_coal_mw|prelim_load_avg_hourly|gen_fuel_coal_pct|forecast_load_mw_latest_available|total_pjm_rt_load_mwh,已初筛
total_losses,总网损,97%,9,DGatingDNN,DGatingDNN,0.9206857835505112,0.937730714859062,37,marginal_loss_price_rt|prelim_load_avg_hourly|total_lmp_rt|gen_fuel_coal_pct|gen_fuel_gas_mw|gen_fuel_nuclear_mw|gen_fuel_other_renewables_mw|gross_sched_interchange_mw|gen_fuel_wind_mw,已初筛
total_losses,总网损,97%,9,DGatingDNN,STG,0.8680874090159971,0.937730714859062,37,wind_generation_mw|marginal_loss_price_rt|system_energy_price_da|da_as_as_mw_thirty_minutes_reserve|gross_sched_interchange_mw|forecast_load_mw_latest_available|gen_fuel_coal_pct|gen_fuel_wind_mw|prelim_load_avg_hourly,已初筛
total_losses,总网损,97%,9,DGatingDNN,LassoNet,0.8716199398298068,0.937730714859062,37,gen_fuel_nuclear_mw|wind_generation_mw|gen_fuel_wind_mw|prelim_load_avg_hourly|gross_inadv_interchange_mw|system_energy_price_da|marginal_loss_price_rt|gen_fuel_coal_pct|total_pjm_assigned_reg,已初筛
total_losses,总网损,97%,9,DGatingDNN,XGBoost,0.8935113117471596,0.937730714859062,37,gen_fuel_coal_mw|prelim_load_avg_hourly|da_as_as_req_mw_thirty_minutes_reserve|gen_fuel_nuclear_mw|gen_fuel_wind_mw|marginal_loss_price_rt|forecast_load_mw_latest_available|wind_generation_mw|da_as_as_req_mw_primary_reserve,已初筛
total_losses,总网损,97%,9,DGatingDNN,Lasso,0.9166198999744678,0.937730714859062,37,prelim_load_avg_hourly|total_pjm_rt_load_mwh|gen_fuel_gas_mw|solar_generation_mw|gen_fuel_coal_pct|marginal_loss_price_rt|system_energy_price_rt|gen_fuel_coal_mw|gen_fuel_hydro_mw,已初筛
total_losses,总网损,97%,9,DGatingDNN,Pearson,0.9282223837694366,0.937730714859062,37,gen_fuel_coal_mw|prelim_load_avg_hourly|gen_fuel_coal_pct|forecast_load_mw_latest_available|total_pjm_rt_load_mwh|gen_fuel_nuclear_mw|gross_inadv_interchange_mw|gen_fuel_nuclear_pct|gen_fuel_gas_mw,已初筛
congestion_price_da,日前阻塞价,95%,10,DGatingDNN,DGatingDNN,0.7119498112509893,0.7050328511776054,40,gen_fuel_gas_pct|gross_inadv_interchange_mw|system_energy_price_da|da_as_as_req_mw_primary_reserve|gen_fuel_nuclear_mw|gross_sched_interchange_mw|gen_fuel_solar_mw|forecast_load_mw_latest_available|gen_fuel_multiple_fuels_pct|gen_fuel_coal_pct,已初筛
congestion_price_da,日前阻塞价,95%,10,DGatingDNN,STG,0.4254640626975191,0.7050328511776054,40,gross_inadv_interchange_mw|total_pjm_loc_credit|gross_sched_interchange_mw|da_as_as_req_mw_synchronized_reserve|da_as_as_req_mw_thirty_minutes_reserve|gen_fuel_solar_pct|da_as_as_mw_synchronized_reserve|gen_fuel_oil_pct|da_as_as_mw_thirty_minutes_reserve|da_as_mcp_synchronized_reserve,已初筛
congestion_price_da,日前阻塞价,95%,10,DGatingDNN,LassoNet,0.6189410992166005,0.7050328511776054,40,gen_fuel_oil_mw|system_energy_price_da|forecast_load_mw_latest_available|marginal_loss_price_rt|gross_inadv_interchange_mw|da_as_as_req_mw_primary_reserve|da_as_as_req_mw_synchronized_reserve|gen_fuel_nuclear_mw|da_as_mcp_primary_reserve|gen_fuel_solar_pct,已初筛
congestion_price_da,日前阻塞价,95%,10,DGatingDNN,XGBoost,0.4910335891369051,0.7050328511776054,40,gen_fuel_oil_mw|prelim_load_avg_hourly|da_as_as_req_mw_primary_reserve|gen_fuel_solar_pct|system_energy_price_da|da_as_as_mw_synchronized_reserve|forecast_load_mw_latest_available|gen_fuel_solar_mw|da_as_as_req_mw_thirty_minutes_reserve|gen_fuel_oil_pct,已初筛
congestion_price_da,日前阻塞价,95%,10,DGatingDNN,Lasso,0.3203988241734574,0.7050328511776054,40,gen_fuel_oil_mw|gen_fuel_coal_mw|total_pjm_assigned_reg|total_pjm_rmccp_cr|total_pjm_rmpcp_cr|da_as_mcp_primary_reserve|da_as_mcp_synchronized_reserve|da_as_as_req_mw_primary_reserve|da_as_as_req_mw_synchronized_reserve|da_as_as_req_mw_thirty_minutes_reserve,已初筛
congestion_price_da,日前阻塞价,95%,10,DGatingDNN,Pearson,0.4642477491480442,0.7050328511776054,40,gen_fuel_oil_mw|system_energy_price_da|gen_fuel_oil_pct|forecast_load_mw_latest_available|prelim_load_avg_hourly|total_pjm_rt_load_mwh|gen_fuel_gas_mw|marginal_loss_price_rt|gen_fuel_coal_mw|da_as_mcp_synchronized_reserve,已初筛
congestion_price_da,日前阻塞价,97%,10,DGatingDNN,DGatingDNN,0.7119498112509893,0.7050328511776054,40,gen_fuel_gas_pct|gross_inadv_interchange_mw|system_energy_price_da|da_as_as_req_mw_primary_reserve|gen_fuel_nuclear_mw|gross_sched_interchange_mw|gen_fuel_solar_mw|forecast_load_mw_latest_available|gen_fuel_multiple_fuels_pct|gen_fuel_coal_pct,已初筛
congestion_price_da,日前阻塞价,97%,10,DGatingDNN,STG,0.4254640626975191,0.7050328511776054,40,gross_inadv_interchange_mw|total_pjm_loc_credit|gross_sched_interchange_mw|da_as_as_req_mw_synchronized_reserve|da_as_as_req_mw_thirty_minutes_reserve|gen_fuel_solar_pct|da_as_as_mw_synchronized_reserve|gen_fuel_oil_pct|da_as_as_mw_thirty_minutes_reserve|da_as_mcp_synchronized_reserve,已初筛
congestion_price_da,日前阻塞价,97%,10,DGatingDNN,LassoNet,0.6189410992166005,0.7050328511776054,40,gen_fuel_oil_mw|system_energy_price_da|forecast_load_mw_latest_available|marginal_loss_price_rt|gross_inadv_interchange_mw|da_as_as_req_mw_primary_reserve|da_as_as_req_mw_synchronized_reserve|gen_fuel_nuclear_mw|da_as_mcp_primary_reserve|gen_fuel_solar_pct,已初筛
congestion_price_da,日前阻塞价,97%,10,DGatingDNN,XGBoost,0.4910335891369051,0.7050328511776054,40,gen_fuel_oil_mw|prelim_load_avg_hourly|da_as_as_req_mw_primary_reserve|gen_fuel_solar_pct|system_energy_price_da|da_as_as_mw_synchronized_reserve|forecast_load_mw_latest_available|gen_fuel_solar_mw|da_as_as_req_mw_thirty_minutes_reserve|gen_fuel_oil_pct,已初筛
congestion_price_da,日前阻塞价,97%,10,DGatingDNN,Lasso,0.3203988241734574,0.7050328511776054,40,gen_fuel_oil_mw|gen_fuel_coal_mw|total_pjm_assigned_reg|total_pjm_rmccp_cr|total_pjm_rmpcp_cr|da_as_mcp_primary_reserve|da_as_mcp_synchronized_reserve|da_as_as_req_mw_primary_reserve|da_as_as_req_mw_synchronized_reserve|da_as_as_req_mw_thirty_minutes_reserve,已初筛
congestion_price_da,日前阻塞价,97%,10,DGatingDNN,Pearson,0.4642477491480442,0.7050328511776054,40,gen_fuel_oil_mw|system_energy_price_da|gen_fuel_oil_pct|forecast_load_mw_latest_available|prelim_load_avg_hourly|total_pjm_rt_load_mwh|gen_fuel_gas_mw|marginal_loss_price_rt|gen_fuel_coal_mw|da_as_mcp_synchronized_reserve,已初筛
congestion_price_rt,实时阻塞价,95%,8,XGBoost,DGatingDNN,0.6043131698443059,0.6513680634829484,36,gen_fuel_multiple_fuels_pct|marginal_loss_price_rt|gen_fuel_coal_mw|system_energy_price_rt|gen_fuel_gas_pct|rmccp|gross_inadv_interchange_mw|da_as_as_req_mw_synchronized_reserve,已初筛
congestion_price_rt,实时阻塞价,95%,8,XGBoost,STG,0.5285742010199492,0.6513680634829484,36,gross_inadv_interchange_mw|marginal_loss_price_rt|gen_fuel_solar_pct|gen_fuel_multiple_fuels_pct|da_as_mcp_synchronized_reserve|rmccp|gen_fuel_coal_pct|gen_fuel_gas_pct,已初筛
congestion_price_rt,实时阻塞价,95%,8,XGBoost,LassoNet,0.5739130449922274,0.6513680634829484,36,system_energy_price_rt|gen_fuel_multiple_fuels_pct|da_as_as_req_mw_primary_reserve|da_as_mcp_synchronized_reserve|total_pjm_loc_credit|gen_fuel_gas_pct|marginal_loss_price_rt|gen_fuel_coal_pct,已初筛
congestion_price_rt,实时阻塞价,95%,8,XGBoost,XGBoost,0.629039452079788,0.6513680634829484,36,system_energy_price_rt|marginal_loss_price_rt|gen_fuel_solar_pct|da_as_as_req_mw_primary_reserve|gen_fuel_multiple_fuels_pct|gen_fuel_gas_pct|rmccp|da_as_mcp_synchronized_reserve,已初筛
congestion_price_rt,实时阻塞价,95%,8,XGBoost,Lasso,0.5440436088603338,0.6513680634829484,36,system_energy_price_rt|solar_generation_mw|total_pjm_rt_load_mwh|total_pjm_loc_credit|total_pjm_reg_purchases|total_pjm_assigned_reg|total_pjm_rmccp_cr|da_as_mcp_primary_reserve,已初筛
congestion_price_rt,实时阻塞价,95%,8,XGBoost,Pearson,0.5594888536381715,0.6513680634829484,36,system_energy_price_rt|marginal_loss_price_rt|system_energy_price_da|gen_fuel_oil_pct|gen_fuel_oil_mw|rmccp|gen_fuel_multiple_fuels_mw|total_pjm_rmccp_cr,已初筛
congestion_price_rt,实时阻塞价,97%,10,DGatingDNN,DGatingDNN,0.6426044173837215,0.6513680634829484,36,gen_fuel_multiple_fuels_pct|marginal_loss_price_rt|gen_fuel_coal_mw|system_energy_price_rt|gen_fuel_gas_pct|rmccp|gross_inadv_interchange_mw|da_as_as_req_mw_synchronized_reserve|gen_fuel_oil_pct|solar_generation_mw,已初筛
congestion_price_rt,实时阻塞价,97%,10,DGatingDNN,STG,0.6046301429755259,0.6513680634829484,36,gross_inadv_interchange_mw|marginal_loss_price_rt|gen_fuel_solar_pct|gen_fuel_multiple_fuels_pct|da_as_mcp_synchronized_reserve|rmccp|gen_fuel_coal_pct|gen_fuel_gas_pct|da_as_as_req_mw_thirty_minutes_reserve|da_as_as_mw_thirty_minutes_reserve,已初筛
congestion_price_rt,实时阻塞价,97%,10,DGatingDNN,LassoNet,0.5970228911154543,0.6513680634829484,36,system_energy_price_rt|gen_fuel_multiple_fuels_pct|da_as_as_req_mw_primary_reserve|da_as_mcp_synchronized_reserve|total_pjm_loc_credit|gen_fuel_gas_pct|marginal_loss_price_rt|gen_fuel_coal_pct|gen_fuel_multiple_fuels_mw|gross_inadv_interchange_mw,已初筛
congestion_price_rt,实时阻塞价,97%,10,DGatingDNN,XGBoost,0.6214950205918844,0.6513680634829484,36,system_energy_price_rt|marginal_loss_price_rt|gen_fuel_solar_pct|da_as_as_req_mw_primary_reserve|gen_fuel_multiple_fuels_pct|gen_fuel_gas_pct|rmccp|da_as_mcp_synchronized_reserve|gen_fuel_coal_pct|gen_fuel_solar_mw,已初筛
congestion_price_rt,实时阻塞价,97%,10,DGatingDNN,Lasso,0.5270600272939115,0.6513680634829484,36,system_energy_price_rt|solar_generation_mw|total_pjm_rt_load_mwh|total_pjm_loc_credit|total_pjm_reg_purchases|total_pjm_assigned_reg|total_pjm_rmccp_cr|da_as_mcp_primary_reserve|da_as_mcp_synchronized_reserve|da_as_as_req_mw_primary_reserve,已初筛
congestion_price_rt,实时阻塞价,97%,10,DGatingDNN,Pearson,0.5190122444036389,0.6513680634829484,36,system_energy_price_rt|marginal_loss_price_rt|system_energy_price_da|gen_fuel_oil_pct|gen_fuel_oil_mw|rmccp|gen_fuel_multiple_fuels_mw|total_pjm_rmccp_cr|prelim_load_avg_hourly|total_pjm_rt_load_mwh,已初筛
marginal_loss_price_da,日前边际损耗价,95%,5,DGatingDNN,DGatingDNN,0.8527426564852533,0.8733543117613582,34,system_energy_price_da|gen_fuel_gas_mw|gen_fuel_nuclear_mw|forecast_load_mw_latest_available|gen_fuel_multiple_fuels_mw,已初筛
marginal_loss_price_da,日前边际损耗价,95%,5,DGatingDNN,STG,0.6949174482483249,0.8733543117613582,34,gross_inadv_interchange_mw|marginal_loss_price_rt|forecast_load_mw_latest_available|da_as_mcp_primary_reserve|gen_fuel_oil_pct,已初筛
marginal_loss_price_da,日前边际损耗价,95%,5,DGatingDNN,LassoNet,0.8132341978399725,0.8733543117613582,34,system_energy_price_da|marginal_loss_price_rt|gen_fuel_nuclear_mw|da_as_as_mw_thirty_minutes_reserve|forecast_load_mw_latest_available,已初筛
marginal_loss_price_da,日前边际损耗价,95%,5,DGatingDNN,XGBoost,0.7965556748787593,0.8733543117613582,34,system_energy_price_da|forecast_load_mw_latest_available|prelim_load_avg_hourly|gen_fuel_nuclear_mw|total_pjm_rt_load_mwh,已初筛
marginal_loss_price_da,日前边际损耗价,95%,5,DGatingDNN,Lasso,0.7622813485853442,0.8733543117613582,34,system_energy_price_da|marginal_loss_price_rt|gen_fuel_nuclear_mw|total_pjm_loc_credit|total_pjm_reg_purchases,已初筛
marginal_loss_price_da,日前边际损耗价,95%,5,DGatingDNN,Pearson,0.7358218945907407,0.8733543117613582,34,system_energy_price_da|gen_fuel_oil_mw|gen_fuel_oil_pct|marginal_loss_price_rt|total_lmp_rt,已初筛
marginal_loss_price_da,日前边际损耗价,97%,6,DGatingDNN,DGatingDNN,0.8763292233393164,0.8733543117613582,34,system_energy_price_da|gen_fuel_gas_mw|gen_fuel_nuclear_mw|forecast_load_mw_latest_available|gen_fuel_multiple_fuels_mw|da_as_as_req_mw_thirty_minutes_reserve,已初筛
marginal_loss_price_da,日前边际损耗价,97%,6,DGatingDNN,STG,0.7297595638441984,0.8733543117613582,34,gross_inadv_interchange_mw|marginal_loss_price_rt|forecast_load_mw_latest_available|da_as_mcp_primary_reserve|gen_fuel_oil_pct|da_as_as_req_mw_thirty_minutes_reserve,已初筛
marginal_loss_price_da,日前边际损耗价,97%,6,DGatingDNN,LassoNet,0.8560016886713462,0.8733543117613582,34,system_energy_price_da|marginal_loss_price_rt|gen_fuel_nuclear_mw|da_as_as_mw_thirty_minutes_reserve|forecast_load_mw_latest_available|gen_fuel_multiple_fuels_mw,已初筛
marginal_loss_price_da,日前边际损耗价,97%,6,DGatingDNN,XGBoost,0.7796058127268525,0.8733543117613582,34,system_energy_price_da|forecast_load_mw_latest_available|prelim_load_avg_hourly|gen_fuel_nuclear_mw|total_pjm_rt_load_mwh|gen_fuel_oil_pct,已初筛
marginal_loss_price_da,日前边际损耗价,97%,6,DGatingDNN,Lasso,0.7565435162183242,0.8733543117613582,34,system_energy_price_da|marginal_loss_price_rt|gen_fuel_nuclear_mw|total_pjm_loc_credit|total_pjm_reg_purchases|total_pjm_rmccp_cr,已初筛
marginal_loss_price_da,日前边际损耗价,97%,6,DGatingDNN,Pearson,0.7481159942514035,0.8733543117613582,34,system_energy_price_da|gen_fuel_oil_mw|gen_fuel_oil_pct|marginal_loss_price_rt|total_lmp_rt|system_energy_price_rt,已初筛
total_lmp_da,日前总电价,95%,1,DGatingDNN,DGatingDNN,0.9865040577460306,0.9943075006907908,35,system_energy_price_da,已初筛
total_lmp_da,日前总电价,95%,1,DGatingDNN,STG,0.9865040577460306,0.9943075006907908,35,system_energy_price_da,已初筛
total_lmp_da,日前总电价,95%,1,DGatingDNN,LassoNet,0.9865040577460306,0.9943075006907908,35,system_energy_price_da,已初筛
total_lmp_da,日前总电价,95%,1,DGatingDNN,XGBoost,0.9865040577460306,0.9943075006907908,35,system_energy_price_da,已初筛
total_lmp_da,日前总电价,95%,1,DGatingDNN,Lasso,0.9865040577460306,0.9943075006907908,35,system_energy_price_da,已初筛
total_lmp_da,日前总电价,95%,1,DGatingDNN,Pearson,0.9865040577460306,0.9943075006907908,35,system_energy_price_da,已初筛
total_lmp_da,日前总电价,97%,1,DGatingDNN,DGatingDNN,0.9865040577460306,0.9943075006907908,35,system_energy_price_da,已初筛
total_lmp_da,日前总电价,97%,1,DGatingDNN,STG,0.9865040577460306,0.9943075006907908,35,system_energy_price_da,已初筛
total_lmp_da,日前总电价,97%,1,DGatingDNN,LassoNet,0.9865040577460306,0.9943075006907908,35,system_energy_price_da,已初筛
total_lmp_da,日前总电价,97%,1,DGatingDNN,XGBoost,0.9865040577460306,0.9943075006907908,35,system_energy_price_da,已初筛
total_lmp_da,日前总电价,97%,1,DGatingDNN,Lasso,0.9865040577460306,0.9943075006907908,35,system_energy_price_da,已初筛
total_lmp_da,日前总电价,97%,1,DGatingDNN,Pearson,0.9865040577460306,0.9943075006907908,35,system_energy_price_da,已初筛
da_as_total_mw_primary_reserve,日前主用备用总量,95%,4,DGatingDNN,DGatingDNN,0.8672041682792365,0.8632268126176589,31,da_as_as_mw_synchronized_reserve|da_as_as_mw_thirty_minutes_reserve|da_as_as_req_mw_primary_reserve|gen_fuel_nuclear_mw,已初筛
da_as_total_mw_primary_reserve,日前主用备用总量,95%,4,DGatingDNN,STG,0.8633344243963978,0.8632268126176589,31,da_as_as_mw_thirty_minutes_reserve|da_as_as_mw_synchronized_reserve|da_as_as_req_mw_thirty_minutes_reserve|gen_fuel_nuclear_mw,已初筛
da_as_total_mw_primary_reserve,日前主用备用总量,95%,4,DGatingDNN,LassoNet,0.7061326099783563,0.8632268126176589,31,da_as_as_req_mw_primary_reserve|da_as_as_mw_thirty_minutes_reserve|gen_fuel_nuclear_mw|da_as_as_req_mw_thirty_minutes_reserve,已初筛
da_as_total_mw_primary_reserve,日前主用备用总量,95%,4,DGatingDNN,XGBoost,0.7487164666754267,0.8632268126176589,31,da_as_as_req_mw_primary_reserve|da_as_as_req_mw_thirty_minutes_reserve|da_as_mcp_primary_reserve|da_as_as_mw_synchronized_reserve,已初筛
da_as_total_mw_primary_reserve,日前主用备用总量,95%,4,DGatingDNN,Lasso,0.8160681369575074,0.8632268126176589,31,da_as_as_req_mw_primary_reserve|da_as_as_mw_thirty_minutes_reserve|da_as_as_mw_synchronized_reserve|da_as_as_req_mw_thirty_minutes_reserve,已初筛
da_as_total_mw_primary_reserve,日前主用备用总量,95%,4,DGatingDNN,Pearson,0.6144435856162302,0.8632268126176589,31,da_as_as_req_mw_primary_reserve|da_as_as_req_mw_synchronized_reserve|da_as_as_req_mw_thirty_minutes_reserve|da_as_as_mw_thirty_minutes_reserve,已初筛
da_as_total_mw_primary_reserve,日前主用备用总量,97%,4,DGatingDNN,DGatingDNN,0.8672041682792365,0.8632268126176589,31,da_as_as_mw_synchronized_reserve|da_as_as_mw_thirty_minutes_reserve|da_as_as_req_mw_primary_reserve|gen_fuel_nuclear_mw,已初筛
da_as_total_mw_primary_reserve,日前主用备用总量,97%,4,DGatingDNN,STG,0.8633344243963978,0.8632268126176589,31,da_as_as_mw_thirty_minutes_reserve|da_as_as_mw_synchronized_reserve|da_as_as_req_mw_thirty_minutes_reserve|gen_fuel_nuclear_mw,已初筛
da_as_total_mw_primary_reserve,日前主用备用总量,97%,4,DGatingDNN,LassoNet,0.7061326099783563,0.8632268126176589,31,da_as_as_req_mw_primary_reserve|da_as_as_mw_thirty_minutes_reserve|gen_fuel_nuclear_mw|da_as_as_req_mw_thirty_minutes_reserve,已初筛
da_as_total_mw_primary_reserve,日前主用备用总量,97%,4,DGatingDNN,XGBoost,0.7487164666754267,0.8632268126176589,31,da_as_as_req_mw_primary_reserve|da_as_as_req_mw_thirty_minutes_reserve|da_as_mcp_primary_reserve|da_as_as_mw_synchronized_reserve,已初筛
da_as_total_mw_primary_reserve,日前主用备用总量,97%,4,DGatingDNN,Lasso,0.8160681369575074,0.8632268126176589,31,da_as_as_req_mw_primary_reserve|da_as_as_mw_thirty_minutes_reserve|da_as_as_mw_synchronized_reserve|da_as_as_req_mw_thirty_minutes_reserve,已初筛
da_as_total_mw_primary_reserve,日前主用备用总量,97%,4,DGatingDNN,Pearson,0.6144435856162302,0.8632268126176589,31,da_as_as_req_mw_primary_reserve|da_as_as_req_mw_synchronized_reserve|da_as_as_req_mw_thirty_minutes_reserve|da_as_as_mw_thirty_minutes_reserve,已初筛
da_as_total_mw_thirty_minutes_reserve,日前30分钟备用总量,95%,8,DGatingDNN,DGatingDNN,0.8691506382254881,0.8945547989085015,34,gen_fuel_nuclear_mw|system_energy_price_da|gen_fuel_coal_pct|gen_fuel_other_renewables_mw|gen_fuel_multiple_fuels_mw|da_as_as_req_mw_primary_reserve|gen_fuel_oil_pct|gen_fuel_nuclear_pct,已初筛
da_as_total_mw_thirty_minutes_reserve,日前30分钟备用总量,95%,8,DGatingDNN,STG,0.8505484987121722,0.8945547989085015,34,total_pjm_rmpcp_cr|gen_fuel_gas_mw|gen_fuel_hydro_mw|gen_fuel_multiple_fuels_mw|gen_fuel_nuclear_mw|total_pjm_reg_purchases|gen_fuel_other_renewables_mw|system_energy_price_da,已初筛
da_as_total_mw_thirty_minutes_reserve,日前30分钟备用总量,95%,8,DGatingDNN,LassoNet,0.8179153872717313,0.8945547989085015,34,gen_fuel_nuclear_mw|system_energy_price_da|da_as_as_mw_primary_reserve|gen_fuel_multiple_fuels_mw|gen_fuel_hydro_mw|da_as_mcp_synchronized_reserve|da_as_as_req_mw_synchronized_reserve|total_pjm_rmpcp_cr,已初筛
da_as_total_mw_thirty_minutes_reserve,日前30分钟备用总量,95%,8,DGatingDNN,XGBoost,0.816794474980774,0.8945547989085015,34,da_as_mcp_primary_reserve|da_as_as_mw_primary_reserve|gen_fuel_nuclear_mw|da_as_mcp_synchronized_reserve|system_energy_price_da|gen_fuel_gas_mw|da_as_as_req_mw_primary_reserve|forecast_load_mw_latest_available,已初筛
da_as_total_mw_thirty_minutes_reserve,日前30分钟备用总量,95%,8,DGatingDNN,Lasso,0.8323864942633299,0.8945547989085015,34,gen_fuel_nuclear_mw|system_energy_price_da|da_as_as_mw_primary_reserve|gen_fuel_multiple_fuels_mw|gen_fuel_oil_mw|gen_fuel_hydro_mw|da_as_as_req_mw_primary_reserve|total_pjm_rmpcp_cr,已初筛
da_as_total_mw_thirty_minutes_reserve,日前30分钟备用总量,95%,8,DGatingDNN,Pearson,0.8105606923109966,0.8945547989085015,34,gen_fuel_nuclear_mw|system_energy_price_da|da_as_as_mw_primary_reserve|da_as_mcp_synchronized_reserve|gen_fuel_multiple_fuels_pct|gen_fuel_oil_pct|da_as_mcp_primary_reserve|gen_fuel_multiple_fuels_mw,已初筛
da_as_total_mw_thirty_minutes_reserve,日前30分钟备用总量,97%,9,DGatingDNN,DGatingDNN,0.8783164521337238,0.8945547989085015,34,gen_fuel_nuclear_mw|system_energy_price_da|gen_fuel_coal_pct|gen_fuel_other_renewables_mw|gen_fuel_multiple_fuels_mw|da_as_as_req_mw_primary_reserve|gen_fuel_oil_pct|gen_fuel_nuclear_pct|gen_fuel_hydro_pct,已初筛
da_as_total_mw_thirty_minutes_reserve,日前30分钟备用总量,97%,9,DGatingDNN,STG,0.8567354932088437,0.8945547989085015,34,total_pjm_rmpcp_cr|gen_fuel_gas_mw|gen_fuel_hydro_mw|gen_fuel_multiple_fuels_mw|gen_fuel_nuclear_mw|total_pjm_reg_purchases|gen_fuel_other_renewables_mw|system_energy_price_da|gen_fuel_coal_pct,已初筛
da_as_total_mw_thirty_minutes_reserve,日前30分钟备用总量,97%,9,DGatingDNN,LassoNet,0.834290370096271,0.8945547989085015,34,gen_fuel_nuclear_mw|system_energy_price_da|da_as_as_mw_primary_reserve|gen_fuel_multiple_fuels_mw|gen_fuel_hydro_mw|da_as_mcp_synchronized_reserve|da_as_as_req_mw_synchronized_reserve|total_pjm_rmpcp_cr|gen_fuel_oil_mw,已初筛
da_as_total_mw_thirty_minutes_reserve,日前30分钟备用总量,97%,9,DGatingDNN,XGBoost,0.8386525400040581,0.8945547989085015,34,da_as_mcp_primary_reserve|da_as_as_mw_primary_reserve|gen_fuel_nuclear_mw|da_as_mcp_synchronized_reserve|system_energy_price_da|gen_fuel_gas_mw|da_as_as_req_mw_primary_reserve|forecast_load_mw_latest_available|gen_fuel_multiple_fuels_mw,已初筛
da_as_total_mw_thirty_minutes_reserve,日前30分钟备用总量,97%,9,DGatingDNN,Lasso,0.8333817084787976,0.8945547989085015,34,gen_fuel_nuclear_mw|system_energy_price_da|da_as_as_mw_primary_reserve|gen_fuel_multiple_fuels_mw|gen_fuel_oil_mw|gen_fuel_hydro_mw|da_as_as_req_mw_primary_reserve|total_pjm_rmpcp_cr|da_as_mcp_synchronized_reserve,已初筛
da_as_total_mw_thirty_minutes_reserve,日前30分钟备用总量,97%,9,DGatingDNN,Pearson,0.8115980266602525,0.8945547989085015,34,gen_fuel_nuclear_mw|system_energy_price_da|da_as_as_mw_primary_reserve|da_as_mcp_synchronized_reserve|gen_fuel_multiple_fuels_pct|gen_fuel_oil_pct|da_as_mcp_primary_reserve|gen_fuel_multiple_fuels_mw|gen_fuel_oil_mw,已初筛
